2 92
3 92
13 92
21 92
34 91
40 92
48 92
49 92
54 92
55 92
62 92
63 100
67 98
69 92
71 91
72 101
73 92
76 92
79 101
80 90
81 92
82 92
93 92
100 90
103 91
104 90
109 93
113 92
114 101
118 92
120 92
123 91
132 92
139 92
141 92
146 92
152 90
159 92
170 92
172 92
176 92
182 92
183 90
188 92
193 92
198 90
200 92
203 92
206 92
211 92
212 92
220 93
222 92
229 92
237 101
247 92
250 92
252 92
256 101
258 92
261 91
263 101
265 92
266 90
271 92
274 92
276 96
281 92
283 92
285 92
307 92
313 92
314 92
315 101
317 92
318 101
320 90
323 90
331 99
334 90
339 90
346 101
347 92
