5.2021e-07,4.3969e-27,5.21e-89,1.7441e-65,4.815e-84,2.0274e-21,1,3.8315e-61
1,7.5802e-33,1.9603e-198,6.2925e-113,6.3987e-16,1.4023e-214,4.1179e-46,9.0545e-32
2.8276e-36,1.1551e-127,2.3438e-61,1.5683e-96,4.4949e-144,2.1168e-29,1,1.2563e-139
1,1.4556e-140,3.6827e-53,0,4.1543e-111,3.9904e-46,7.9031e-79,9.0574e-62
1,9.6062e-152,3.5595e-25,6.7624e-41,5.4562e-44,1.7598e-37,8.3299e-15,8.4607e-94
0.99712,7.4979e-208,0.0028817,3.0689e-20,3.1324e-08,1.7565e-60,3.4377e-76,6.8651e-25
1.2519e-101,6.7463e-44,8.6682e-18,4.1324e-07,6.2827e-12,9.044e-35,3.3145e-163,1
1,1.6762e-129,8.4363e-29,8.2842e-38,3.9546e-28,1.4539e-95,5.7515e-14,1.4747e-40
1.1939e-122,2.5512e-15,5.5863e-59,9.6177e-14,0.99876,0.0012449,4.5659e-44,1.1499e-118
0.005832,0.99417,1.6411e-133,2.9289e-37,1.1648e-124,2.3615e-292,0,4.467e-104
1,1.6579e-37,1.0732e-57,4.8715e-19,5.1445e-72,4.4357e-185,1.2505e-130,6.7611e-48
9.6917e-41,0,9.9264e-96,1.8555e-25,3.4588e-47,1,8.0649e-07,2.2958e-130
0,1.5618e-35,6.8163e-214,8.6041e-11,1,5.1676e-69,5.1255e-57,2.4277e-40
5.7911e-53,1.3799e-65,1,2.7745e-38,1.0248e-112,1.948e-76,3.2479e-30,4.0792e-81
6.8964e-07,1.5446e-102,1.4928e-92,3.5164e-85,0.97991,0.020094,0,4.5534e-57
0.99656,0,0.0016516,5.0538e-26,3.3199e-50,0.0017901,9.1967e-124,3.6644e-44
7.9119e-167,2.7391e-152,1,1.55e-12,1.7087e-106,0,2.4904e-109,1.0198e-28
0.99374,1.0914e-201,1.9283e-31,0.0062613,1.7861e-11,6.8447e-138,2.4692e-188,4.0719e-107
1.0686e-46,1.0242e-26,2.1737e-10,5.8062e-15,1.0808e-134,2.3604e-32,1,3.6442e-155
1,0,1.6671e-77,2.6844e-224,1.2351e-06,9.7157e-136,4.2373e-104,6.2801e-18
1.625e-84,5.4294e-165,3.0332e-07,1,1.0938e-23,3.8436e-28,4.7506e-26,7.4886e-127
2.3089e-65,7.9574e-136,1,7.1874e-65,6.4259e-145,4.4361e-11,1.1196e-159,1.5478e-10
0.9652,6.115e-31,2.8036e-29,4.1212e-103,0.034805,3.5437e-38,3.2183e-156,2.9907e-18
9.3336e-13,5.9522e-41,4.368e-171,1,8.1086e-83,5.4337e-47,2.9953e-15,1.2344e-39
1.006e-36,1.3565e-92,1.7562e-06,4.8726e-18,1,2.6572e-102,2.3704e-179,6.4178e-39
4.1132e-31,1.2368e-95,3.6975e-126,0,7.5562e-182,1,1.3149e-89,1.4928e-07
7.7807e-37,1,2.2399e-35,1.0067e-13,4.7578e-31,1.0724e-215,4.3712e-258,1.5209e-67
9.1698e-144,1.4026e-09,6.8636e-91,5.4949e-23,4.5942e-131,0.54297,4.9398e-146,0.45703
7.3704e-57,4.7527e-86,3.5372e-92,1,7.4834e-27,5.5108e-67,8.1777e-64,3.9314e-76
5.3874e-317,0,5.4553e-107,5.8056e-95,1,8.8891e-35,6.2349e-158,2.9489e-59
1.6964e-145,0.0089632,6.9291e-75,3.177e-78,4.2629e-49,2.2635e-42,1.728e-26,0.99104
5.1198e-67,1.6341e-16,4.264e-09,9.6222e-08,0.99618,1.586e-40,0.0038152,1.392e-121
1.8064e-265,1.4969e-43,1,3.9709e-13,1.1994e-08,1.7709e-23,9.0072e-111,1.487e-13
0.00065678,0.89904,2.6858e-128,1.5886e-287,0.063835,2.3667e-94,0.036471,2.9569e-82
5.9996e-35,9.098e-102,0.99997,3.0241e-05,7.0394e-40,1.1757e-60,2.496e-23,5.7877e-88
9.85e-182,0.56083,2.0858e-36,3.3297e-230,0.43915,2.0949e-122,1.6828e-05,0
2.1244e-09,8.7274e-06,7.55e-120,0.99999,1.1785e-128,1.76e-08,1.6141e-130,2.1049e-23
1,4.3876e-37,2.1997e-47,1.8259e-44,5.1983e-14,8.5676e-149,7.1806e-18,3.1994e-08
1.0746e-38,6.2779e-127,2.715e-11,0,6.2335e-90,0,1,2.2755e-59
0.00015185,6.4128e-84,3.4067e-85,2.9538e-228,0.99985,1.4686e-94,9.1719e-287,3.8255e-24
2.5393e-90,7.7578e-26,1.454e-142,1.6552e-93,1,5.9149e-182,8.5569e-84,4.796e-17
1.8553e-87,2.6072e-14,8.6433e-97,5.2766e-278,3.0375e-61,1.049e-54,1.3668e-277,1
8.9141e-20,0.1546,0.8454,5.9945e-46,5.0089e-171,3.6226e-136,2.2357e-33,1.599e-78
2.1316e-24,2.9646e-14,1,1.0432e-183,2.6446e-117,1.8818e-137,1.3272e-103,2.038e-124
0.99999,9.5866e-194,7.7929e-12,2.0255e-11,1.1739e-05,7.4547e-13,1.7487e-214,3.9743e-101
3.0432e-07,1,5.0459e-76,4.8412e-180,9.6839e-49,6.2593e-24,2.1792e-68,2.4911e-76
0.99846,8.3268e-155,4.3237e-51,4.4379e-64,0.0015083,2.566e-66,3.5594e-05,3.1e-29
1.6342e-261,7.3036e-216,1,1.1846e-10,4.373e-137,8.6493e-22,1.646e-25,6.3926e-29
1.7899e-50,5.3252e-187,1,7.7095e-48,1.7194e-162,2.8345e-37,3.3431e-211,9.16e-92
0.92066,8.0869e-36,1.3777e-08,0,8.9652e-26,2.7429e-121,0.079338,6.4429e-98
2.8109e-149,8.8748e-188,3.6516e-41,9.035e-66,2.6017e-310,3.2932e-77,1,3.0547e-143
3.4914e-136,6.8145e-56,2.4089e-15,8.2376e-72,0.99061,1.3512e-157,0.0093866,7.3119e-88
8.0389e-20,0,1,1.8455e-24,1.9553e-09,8.3261e-26,7.2346e-80,2.1398e-281
0.16596,7.9677e-115,3.2918e-109,1.0674e-48,5.4252e-89,2.5412e-114,4.7342e-165,0.83404
8.378e-89,4.1122e-113,9.4198e-28,2.4374e-09,0,1,1.6762e-34,1.2936e-12
2.4894e-88,1.1003e-126,3.4485e-42,1,1.1615e-97,1.5757e-10,8.3323e-67,2.1151e-08
2.7808e-05,4.2276e-27,3.5068e-28,0.99997,1.4612e-121,2.1125e-45,1.1503e-47,0
2.7006e-285,2.8533e-14,3.1402e-06,4.0608e-15,1,2.7152e-44,5.0074e-51,4.5905e-22
1.2049e-40,0.00073517,2.0356e-06,4.0531e-27,3.7104e-141,0,0.99926,2.9456e-62
1.5157e-10,4.8504e-15,2.0478e-70,3.8364e-90,2.7488e-85,5.4831e-08,1.2805e-49,1
1.7608e-66,1,1.852e-171,7.5196e-88,5.5178e-91,1.1601e-140,3.8746e-17,8.0852e-91
1.7448e-107,4.4221e-62,7.9226e-75,2.3526e-52,6.0232e-75,5.0107e-29,2.2167e-10,1
1.9199e-35,6.4552e-220,5.5714e-31,0,1,4.6901e-22,5.6927e-184,3.4039e-213
1.2508e-08,0.99648,5.7229e-38,4.5957e-151,5.6726e-112,2.0685e-25,8.616e-144,0.0035206
7.3046e-167,0.90394,0.096065,1.4155e-10,3.7513e-218,6.2255e-31,6.67e-107,2.0234e-16
2.8267e-12,2.8051e-251,2.2762e-22,1,1.4061e-11,1.6687e-170,1.215e-12,4.1156e-37
1.6293e-58,3.1199e-27,5.3331e-48,1,4.4201e-88,4.084e-309,4.3024e-142,9.0609e-162
0.00020402,1.4178e-99,4.5457e-78,0.00019898,2.237e-49,9.3186e-93,0.9996,1.6784e-154
1,7.6501e-194,0,1.0458e-144,3.1444e-63,1.0006e-46,6.5373e-298,1.3895e-108
3.6953e-104,2.5607e-169,1.0531e-132,2.4641e-70,1.1157e-27,0,1,1.7478e-104
1.7818e-276,8.0293e-107,3.1335e-17,1.068e-06,1,7.9911e-189,4.1065e-213,6.9889e-232
0.99761,0,1.5865e-37,2.1309e-138,6.6711e-42,0.0023886,3.886e-60,1.7781e-11
0.82866,1.796e-103,2.323e-09,0.1713,2.217e-47,1.5825e-65,4.3681e-31,4.743e-05
5.6808e-43,4.2484e-64,1,0,2.2602e-37,1.7324e-33,1.7693e-11,4.7689e-11
1.5763e-130,1.4665e-244,4.5653e-18,1,4.6236e-49,2.039e-86,5.5298e-19,9.6532e-104
9.863e-107,4.6894e-21,1.554e-46,8.9096e-117,1,8.4089e-226,2.8151e-74,1.0915e-237
1.9813e-158,1.2413e-05,3.9942e-11,4.9084e-58,1.4043e-70,0.99999,4.2601e-35,6.5264e-24
8.7459e-84,1.1454e-216,1.0882e-54,2.3982e-162,2.3772e-13,1.3641e-149,8.7586e-60,1
5.4171e-189,2.2206e-56,4.5276e-149,1.0005e-274,1,2.1257e-154,1.3447e-128,3.4636e-248
2.3827e-162,4.9962e-16,1.5604e-195,6.4063e-34,0.99942,3.1973e-40,8.8415e-42,0.00057981
2.0391e-319,1,2.6671e-23,1.6341e-14,4.2728e-48,4.5326e-106,4.9521e-30,1.4222e-25
8.7464e-68,1.238e-08,1.623e-158,1,8.5085e-63,3.5906e-22,2.7405e-135,1.3617e-112
0.99995,1.4786e-66,4.2696e-05,9.1116e-207,1.9791e-50,1.0131e-130,2.2113e-34,7.4556e-06
2.8554e-40,1.6974e-112,3.7624e-97,1,2.4701e-25,2.1768e-174,5.7284e-83,6.2574e-21
7.7196e-22,1.837e-176,0.0019973,4.1078e-47,5.1534e-56,4.3555e-40,0.998,1.1901e-36
7.8251e-10,0.074793,7.7035e-186,3.2302e-76,0.54205,0.38316,3.3293e-56,4.118e-48
1.2959e-94,1.5626e-104,0.97309,3.3565e-74,1.2295e-113,0,1.471e-20,0.026912
4.5024e-178,6.7249e-117,1.3029e-07,3.4534e-212,8.4393e-50,0,1.602e-45,1
3.1512e-114,1.2773e-171,1,1.1451e-28,7.7111e-179,2.5375e-148,2.659e-198,1.7604e-218
7.6994e-84,2.3679e-80,5.2172e-123,6.8618e-32,3.3693e-285,1,2.211e-52,6.4741e-228
2.0876e-103,2.2143e-65,6.0817e-118,4.364e-222,4.7467e-19,1,3.3448e-72,1.0633e-28
8.0053e-134,7.7526e-74,2.7179e-35,1,7.0778e-25,8.3576e-126,1.7559e-71,1.8571e-20
0.99892,2.0023e-45,0.0010817,1.0943e-28,2.1192e-127,1.9121e-109,6.2895e-122,1.2933e-63
4.1096e-31,5.4146e-23,0.00010252,0.9999,1.6944e-25,5.8728e-21,1.0873e-183,9.031e-57
9.875e-120,2.4695e-68,7.1633e-28,3.6787e-147,0.99991,3.5337e-209,9.0905e-05,2.3203e-160
6.1474e-92,1,2.7602e-233,3.2869e-57,4.3132e-34,3.4905e-143,1.3004e-74,2.377e-83
7.2962e-152,5.7733e-17,9.603e-57,1.0698e-109,4.8071e-46,1,9.5515e-29,1.6716e-67
1.4087e-46,4.5054e-77,1,9.2139e-21,3.7311e-07,1.3438e-54,1.8403e-19,6.2044e-44
1,8.2508e-08,2.2296e-12,1.6777e-36,3.5012e-54,1.0919e-08,1.4125e-27,5.4511e-180
9.4077e-196,0.50287,2.0825e-76,9.3111e-123,2.6251e-129,0.49713,1.0126e-49,3.1369e-24
3.2352e-21,8.7596e-255,3.9344e-10,1.8058e-276,1.1586e-78,1.044e-50,3.8899e-13,1
1.0633e-33,4.2725e-40,2.7506e-268,6.4247e-95,1,6.895e-72,4.675e-94,9.3258e-44
0,4.238e-79,2.6092e-24,3.37e-45,1.4793e-140,4.1506e-318,5.5214e-116,1
2.1084e-21,0.99977,1.5229e-205,3.5409e-263,2.4409e-172,0.00023199,5.236e-16,1.0922e-64
4.6263e-106,0.59192,6.1765e-166,2.8295e-170,6.1307e-49,5.7152e-93,0.40808,6.759e-52
4.781e-25,2.4234e-43,1.5963e-58,0.0006848,2.9243e-112,0.99932,2.0095e-147,1.2706e-25
1.6519e-12,9.5402e-14,0.0033909,1.3213e-38,2.1098e-114,2.482e-71,0.99661,6.7342e-82
3.0488e-287,7.9493e-49,0.00071301,4.4797e-35,1.3909e-20,2.4504e-240,0.99929,3.0538e-63
1,3.9776e-118,1.3619e-95,3.2405e-16,5.9271e-318,1.7557e-110,3.6992e-35,4.4425e-117
1.9485e-59,1.3581e-06,4.1479e-121,3.0324e-63,1.2634e-32,1,0,6.0614e-53
1.9319e-08,1.6412e-93,4.9368e-55,1,6.7418e-34,0,4.1528e-06,1.3865e-46
7.3563e-43,3.4284e-109,9.3079e-118,1.3194e-53,2.7312e-78,3.6192e-40,4.5174e-91,1
7.5102e-69,7.6546e-22,0.99508,7.3459e-72,1.0792e-83,3.7641e-48,1.2676e-52,0.0049208
5.0823e-38,0.5978,5.7566e-69,0.4022,5.7657e-09,3.4102e-45,1.893e-191,5.2359e-07
1,5.3851e-76,8.2591e-39,5.3448e-36,4.3824e-35,1.5976e-51,4.5636e-137,1.2131e-39
0,1.3851e-47,1.3419e-104,5.8344e-85,1.1047e-96,1,8.6315e-140,2.7897e-79
8.4515e-57,0.56013,1.6186e-67,8.6789e-230,8.4829e-09,1.4493e-121,0.43987,1.6941e-11
0.99999,1.6275e-128,4.7367e-141,7.1576e-20,7.7769e-11,1.4072e-53,1.3043e-38,8.3939e-06
4.6388e-24,1.7041e-294,1.8965e-09,1.0527e-22,5.4572e-174,1,2.0344e-186,6.2996e-92
1.0198e-70,9.55e-83,7.1715e-57,7.7987e-169,9.16e-126,1.3312e-56,1,2.9006e-80
1.2759e-13,1.4044e-39,2.2372e-85,1.2963e-208,3.981e-09,1.3286e-30,1,1.4858e-27
1.2198e-162,3.2206e-102,1,1.8702e-25,2.1708e-83,9.915e-16,3.6235e-92,8.0541e-59
2.5119e-15,2.2297e-10,0,6.0512e-05,0.99994,8.0129e-168,6.3448e-118,1.9476e-83
3.6891e-59,2.3754e-185,1,1.0169e-191,1.2095e-291,3.4406e-188,1.7326e-09,0
1.3497e-14,1.3698e-07,2.2773e-09,0,0.63776,1.3667e-145,1.158e-140,0.36224
7.2237e-44,3.2831e-17,1,1.2962e-132,4.6091e-46,1.0888e-35,3.7444e-41,1.325e-28
6.4078e-14,2.2241e-14,6.2588e-40,1.6943e-83,2.1346e-24,1,7.8316e-178,2.666e-31
6.1349e-50,3.3767e-112,3.9975e-05,5.4891e-44,3.4248e-39,5.3452e-42,2.2363e-33,0.99996
1.3374e-109,0,1,3.2473e-20,1.1483e-116,5.2579e-96,2.2455e-74,2.2294e-64
0.99992,1.2454e-65,1.8637e-32,6.2391e-236,3.9239e-43,3.882e-25,8.4746e-05,3.6041e-138
6.2058e-93,3.6371e-15,1.902e-161,1,9.7888e-77,5.3504e-48,2.8718e-231,8.287e-48
2.3977e-54,4.6762e-129,2.7828e-33,1,2.1906e-115,2.6147e-114,3.7518e-169,4.518e-09
0.99999,1.2564e-05,1.2661e-282,3.4318e-36,2.0776e-28,3.8502e-31,9.2782e-27,4.8545e-170
3.083e-59,0.12498,3.1635e-104,0.87502,3.5825e-50,6.0689e-40,4.35e-132,4.4641e-33
3.6972e-31,0.00010733,2.1669e-07,2.8506e-106,3.6247e-09,0.17749,9.7005e-32,0.8224
2.0685e-65,1,0,2.1914e-30,2.1444e-33,2.322e-82,1.8773e-154,2.8834e-77
5.713e-24,6.3465e-28,1,4.2274e-219,2.8119e-114,4.5069e-120,2.0112e-101,4.7718e-58
3.3839e-114,1.5361e-56,1.0935e-95,1,2.5621e-64,9.7328e-52,3.9392e-60,7.4388e-19
5.7288e-31,1.0114e-17,0.99975,1.8658e-58,1.6595e-53,9.6099e-161,2.2712e-110,0.00024876
3.1109e-138,1.1743e-10,2.739e-30,3.5089e-19,1.7682e-191,8.3096e-25,0.99997,3.0613e-05
1.5488e-63,1.6019e-261,2.1893e-16,3.5008e-30,5.318e-96,1,1.7845e-14,1.5147e-15
0.0059714,9.5191e-159,1.1174e-71,6.8798e-31,2.7007e-64,0,0.99403,1.9723e-25
4.91e-51,1,1.8536e-11,9.4548e-07,5.211e-14,1.8634e-34,3.1406e-09,3.7542e-225
8.6842e-12,1.3793e-106,1.6191e-32,1.1055e-24,1.6341e-289,1.1863e-64,2.9443e-51,1
1.0802e-63,1.0583e-105,1,6.2069e-217,1.3785e-33,7.1174e-191,1.1901e-46,1.5761e-24
6.2891e-68,1.477e-92,4.4431e-20,5.2441e-49,1.2849e-20,9.0721e-21,1,6.7268e-08
0.017043,0.053539,1.2849e-30,7.1744e-143,2.6092e-36,7.3749e-199,0.92942,6.3739e-173
1.2163e-149,2.8941e-139,0.00021083,3.8631e-94,0.99979,2.1025e-258,7.1922e-121,1.5409e-16
4.967e-183,3.8818e-80,1.0743e-41,1,1.7215e-125,1.3707e-11,7.5308e-152,1.1684e-30
2.0409e-101,3.4662e-16,2.004e-136,1,2.9807e-249,3.3275e-296,3.4242e-13,1.1399e-125
1.072e-44,2.8199e-79,1.3936e-21,9.483e-52,1,4.7361e-22,1.164e-232,6.0314e-47
1,9.6356e-268,3.4256e-19,7.8633e-08,0,1.8196e-19,2.1e-215,7.6075e-62
5.2324e-16,1,1.0887e-21,2.3221e-161,2.4619e-117,3.8853e-81,3.0384e-16,3.075e-64
2.4392e-125,0.2331,3.9496e-130,0.7669,2.6323e-46,4.9946e-23,1.4946e-18,2.2076e-155
4.7946e-80,3.4106e-71,9.2878e-33,0.99999,4.8349e-83,1.4034e-05,1.7001e-18,2.9058e-149
1.7055e-28,1.4237e-13,2.6572e-84,6.6344e-46,1,1.907e-33,0,3.9269e-151
8.9508e-166,1.4556e-82,1,1.4644e-20,2.4188e-78,5.5673e-108,2.3714e-93,2.4706e-13
1,4.1819e-37,1.0234e-25,1.1979e-107,2.5184e-60,8.5982e-178,1.9415e-46,2.277e-38
1.3822e-59,2.7505e-145,0.99993,1.2508e-06,2.4543e-38,2.3196e-27,6.5759e-05,3.5273e-216
2.5239e-95,0.21423,1.9065e-205,1.6299e-83,2.7951e-32,2.3483e-70,0.78577,1.8614e-19
0,9.2761e-25,8.8742e-46,8.8949e-202,6.6091e-65,9.4652e-14,0.97004,0.029958
3.5382e-85,1.4107e-09,3.2374e-32,1,2.1876e-159,2.0694e-28,7.1106e-47,6.2005e-79
1.0802e-186,2.6954e-72,8.2003e-78,7.2967e-175,7.4647e-248,3.131e-15,1,3.4736e-22
2.3356e-153,2.1942e-82,4.1136e-121,5.9652e-29,7.2706e-54,5.9184e-27,2.444e-59,1
1.3568e-33,1.5622e-211,1,1.9785e-44,1.3149e-161,1.0174e-88,2.1282e-56,2.2609e-22
0.99999,1.1406e-154,7.0263e-95,9.2235e-143,9.0157e-16,9.0745e-61,6.0156e-229,1.019e-05
3.2412e-149,0.99998,1.6369e-05,8.3209e-74,1.9054e-95,2.3552e-40,1.3155e-21,6.4921e-25
1.7075e-67,1.8021e-18,6.6846e-37,7.1096e-181,4.7673e-77,1,1.6218e-62,2.7606e-42
2.4225e-301,2.4599e-11,7.1553e-43,0,5.1491e-87,1.3748e-17,4.8822e-56,1
1.3361e-88,1.6716e-122,3.6499e-162,6.5782e-13,1.0511e-58,8.7748e-95,2.452e-38,1
9.5896e-22,2.4259e-179,3.4878e-39,1.2799e-61,0.077725,2.4004e-64,1.0198e-48,0.92227
1,0,9.5217e-127,2.3657e-52,2.641e-60,1.1295e-52,1.3197e-07,7.3014e-101
8.1685e-63,3.4202e-50,1.4928e-32,2.169e-51,1.3072e-110,2.6115e-32,1,5.4432e-19
1.2738e-05,1.2722e-25,1.2287e-95,9.3991e-82,6.8744e-86,0.99999,8.3305e-41,8.8094e-129
3.1955e-19,2.2933e-21,5.4606e-29,1.4181e-48,3.6688e-52,1,0,3.6627e-100
1.0764e-85,2.377e-28,8.1149e-07,2.7145e-175,1.8048e-68,4.9735e-127,1,9.4639e-113
7.6563e-15,0.99795,7.3081e-72,1.3426e-35,0.0020459,1.0675e-46,5.7389e-06,2.359e-136
0.15881,7.3409e-244,2.5796e-200,1.7389e-171,6.3157e-293,0.84119,1.4331e-213,1.0001e-201
1.5869e-96,1.4668e-32,8.6614e-97,4.9242e-39,3.3881e-78,0.00059937,6.267e-46,0.9994
0,8.6628e-134,1.4614e-125,8.1091e-161,2.3097e-182,1.7374e-19,1,5.7783e-11
3.1309e-67,5.8311e-88,1.4461e-41,1.1645e-12,4.5741e-40,0.98303,0.016969,2.3509e-79
1.4354e-136,1,1.5271e-39,1.8583e-09,4.2213e-83,1.755e-308,3.7675e-07,1.3871e-22
2.6177e-161,2.0703e-182,2.0728e-49,6.9312e-50,3.399e-248,1,5.4487e-18,5.1963e-98
1.5025e-101,0.16775,8.5977e-64,0.00026749,2.4963e-13,7.1138e-61,2.6818e-76,0.83198
2.3418e-195,9.6296e-215,9.0816e-85,1.5893e-95,2.2298e-16,1.0062e-40,9.1606e-35,1
0,3.184e-44,1.6875e-211,4.18e-17,0.99888,0.0011162,8.011e-17,1.5083e-116
4.7741e-40,2.9796e-140,2.6431e-105,1.682e-93,0.011309,0.98869,4.3647e-22,4.224e-89
7.161e-82,2.7138e-55,2.559e-73,0.99918,7.5628e-244,0.00081553,2.9585e-128,2.0627e-12
3.1656e-201,2.0204e-16,1.2858e-47,1.8491e-94,2.9163e-94,1.3414e-24,1,3.8517e-107
1,6.382e-20,9.5329e-28,1.353e-44,1.8319e-169,3.2588e-137,2.6869e-13,2.1506e-258
1.7129e-06,4.4548e-42,5.9803e-26,9.4326e-57,1.4944e-29,1,2.4608e-196,2.5598e-76
1.4897e-49,2.2284e-25,7.1462e-268,1.2124e-63,1.7036e-10,5.5921e-106,1,2.271e-170
2.277e-08,1.054e-59,1,2.5903e-141,1.2908e-165,9.1112e-126,3.7302e-321,2.1252e-44
0,1.6623e-206,3.7426e-22,0.80304,1.9991e-47,0.19696,4.0753e-53,3.6391e-237
1.3976e-29,4.629e-120,7.2053e-13,1,4.474e-70,5.8855e-34,2.9724e-42,4.9502e-90
7.8485e-28,9.0083e-13,1.0509e-79,6.1604e-152,0.027742,0.97226,3.9287e-20,1.201e-42
4.0525e-84,5.1917e-154,6.6819e-22,0.99722,8.9261e-48,0.0027773,6.5307e-86,3.3121e-167
1,3.3409e-208,6.1358e-103,5.1351e-43,1.337e-52,2.5942e-113,1.3858e-113,1.8293e-41
3.4654e-48,7.488e-129,3.5378e-73,2.5712e-256,3.0852e-36,1.1059e-221,4.0692e-122,1
3.0121e-88,3.3965e-57,4.9823e-164,1.3467e-12,3.0553e-49,2.7021e-104,1,9.3729e-21
1.0946e-36,8.5283e-05,1.7954e-204,4.4216e-100,7.6044e-18,0.99989,9.423e-48,2.2693e-05
6.8622e-81,1.5067e-26,1.4999e-73,0,2.6634e-242,2.8385e-50,2.026e-38,1
4.5628e-22,2.3254e-227,1.0153e-53,1.4493e-20,2.9202e-51,2.3486e-108,1.3035e-09,1
1,4.6631e-61,9.1618e-117,6.8757e-25,1.4615e-249,1.279e-42,2.3393e-158,1.6365e-79
9.2511e-56,1.4763e-74,9.1763e-46,5.6608e-145,0.98748,1.387e-197,0,0.012517
3.4289e-60,1,2.6521e-10,8.2866e-30,1.6952e-30,4.0673e-203,6.2591e-35,4.4206e-128
5.2151e-144,1,1.2843e-23,0,0,2.9523e-212,4.9813e-34,4.9106e-129
0.074815,8.5475e-08,1.6033e-170,9.2609e-135,3.0996e-178,2.1758e-70,1.7084e-38,0.92518
5.374e-129,2.6828e-93,1.1939e-134,0.99946,1.6636e-182,1.7608e-116,4.6872e-13,0.00054221
4.382e-75,7.4805e-316,2.8338e-156,3.8499e-22,1.0346e-162,9.2341e-12,6.7583e-23,1
6.094e-46,1.6421e-36,1.2882e-73,4.217e-67,5.6634e-261,3.0531e-08,8.0482e-10,1
1.8666e-165,5.3272e-11,0.0052601,5.5243e-07,0.99474,6.8485e-68,6.0955e-30,6.2095e-61
0,1.7918e-215,0.014956,1.3981e-133,2.1374e-68,3.3797e-50,5.3492e-45,0.98504
6.0823e-45,1.8533e-66,3.2109e-69,0.0038672,5.1597e-61,7.7532e-20,8.9551e-102,0.99613
7.1222e-48,1.7514e-46,7.5442e-171,6.5063e-215,1.4077e-32,8.0343e-121,3.3776e-184,1
4.6455e-190,2.5861e-150,9.805e-13,2.8912e-38,1,3.536e-66,4.1979e-272,1.5385e-77
0.99998,6.2793e-52,7.4158e-28,1.5774e-135,0,1.4791e-57,2.4047e-05,1.253e-123
2.4459e-27,8.0829e-41,1,3.3191e-19,6.5416e-157,1.1669e-257,2.1257e-21,1.6037e-85
5.5111e-125,2.6418e-19,0.79978,2.0315e-159,1.7043e-08,1.367e-106,5.1744e-161,0.20022
4.3006e-166,4.5112e-202,4.6831e-31,1,2.3905e-79,1.5757e-20,1.7013e-56,1.0245e-42
5.1138e-80,4.1155e-134,1.7468e-208,7.9686e-28,1,5.7738e-194,4.9566e-52,1.1494e-161
3.9351e-11,6.5517e-81,2.6574e-193,1,7.1765e-187,1.52e-69,0,1.95e-39
1.165e-79,1,1.4788e-06,2.6562e-61,9.4886e-21,2.8718e-45,1.6592e-12,1.6125e-212
4.9195e-108,1,2.5943e-17,2.5745e-68,3.2319e-45,8.6628e-39,1.1961e-258,2.9308e-81
3.1688e-19,3.9573e-34,1.1806e-20,1.4616e-43,1,9.9628e-71,1.5329e-197,2.2357e-52
1.8917e-06,5.1137e-173,1.2657e-137,1.8499e-56,2.1916e-30,3.3229e-63,2.2741e-62,1
7.9698e-62,0.37469,1.6502e-73,1.1493e-115,7.7723e-68,8.4972e-90,2.5202e-126,0.62531
0,1.1917e-113,0.99999,5.8599e-77,1.4857e-05,4.4767e-42,3.9252e-58,3.6333e-91
2.1508e-48,0.99935,5.9181e-44,4.3345e-153,0.00065379,9.3479e-50,3.2005e-106,1.5913e-26
1.4626e-111,5.0289e-212,1.6833e-89,0.001442,2.6871e-146,0.99856,6.4254e-35,4.354e-69
1.2585e-158,1.6514e-318,1.3571e-79,1,2.2824e-08,2.8145e-67,1.2584e-06,1.3924e-32
1.2893e-55,7.3266e-133,1.1178e-317,0,8.2996e-163,2.4606e-52,1,3.4779e-34
5.2676e-13,1.1739e-135,3.0309e-153,1.1103e-10,1.0127e-57,1,8.0873e-52,3.7711e-56
1,1.1499e-12,7.0475e-37,2.5951e-143,8.7986e-133,1.2896e-274,2.8127e-25,9.5401e-43
1.3124e-22,2.7729e-15,1.3775e-48,1,1.0719e-197,3.1752e-151,8.9444e-199,5.6341e-264
0.03838,1.3689e-157,0,1.3005e-136,1.4328e-23,0.96162,8.0998e-227,1.2013e-80
4.9798e-72,1.0069e-08,1,2.4797e-55,1.6205e-44,8.1759e-09,6.2366e-310,1.172e-65
2.061e-38,2.0087e-80,2.5734e-159,7.6064e-101,9.2463e-149,4.6004e-16,1,4.0079e-51
3.6023e-99,1.5326e-22,9.2454e-50,1.8738e-108,7.4218e-10,1,1.0875e-208,4.8468e-09
3.3124e-47,0.16567,1.6386e-221,0.83433,1.0161e-12,6.0556e-45,4.6585e-140,2.2457e-24
2.8303e-124,3.3219e-30,2.8731e-229,1,3.0777e-88,1.8793e-37,1.3883e-295,5.9636e-153
3.9716e-32,1,1.5586e-28,1.2713e-38,1.8628e-51,5.1477e-226,1.6601e-54,2.5084e-51
1.3185e-308,8.8122e-84,8.9843e-68,1,1.0439e-15,5.6703e-70,6.909e-149,1.786e-11
2.5752e-43,3.6738e-29,5.257e-25,3.6813e-45,3.6003e-248,5.7911e-124,1,1.9798e-122
3.2598e-123,2.0303e-05,1.8159e-29,8.1367e-130,1.41e-16,2.6794e-285,7.9138e-16,0.99998
6.8939e-40,7.473e-109,5.1136e-109,1.4817e-78,5.041e-75,1,3.5785e-49,1.8643e-109
2.8189e-263,1.3378e-148,3.785e-259,0.012337,0.98766,1.5587e-10,7.2115e-32,1.5136e-218
6.0982e-259,9.0688e-22,1,3.1436e-36,3.3064e-28,9.0812e-37,1.3927e-34,2.0016e-198
1,4.1332e-28,3.0585e-109,1.5924e-246,3.4021e-89,8.6304e-23,3.0016e-18,1.9896e-56
1.5169e-143,1,4.3893e-63,8.2941e-13,2.7017e-214,2.4989e-54,2.3824e-154,6.8645e-198
8.407e-14,1,2.4312e-20,1.3898e-99,1.1629e-21,8.3125e-86,3.9803e-24,2.3214e-07
7.5445e-94,1.9663e-90,5.8174e-32,1,9.2832e-57,4.1206e-45,1.4646e-143,1.1348e-90
8.9634e-107,4.2977e-25,3.6559e-47,3.1701e-103,1.5469e-80,6.8335e-248,0.16598,0.83402
6.2404e-28,0.049648,5.1486e-110,5.6298e-148,8.9951e-55,0.95035,1.9247e-80,2.6932e-45
8.4003e-213,2.186e-103,1,1.5331e-97,5.5911e-10,2.7172e-93,1.837e-73,3.6884e-43
1.1459e-29,1.9154e-67,4.1546e-16,1,1.4305e-32,6.6313e-205,2.2522e-109,4.5409e-212
5.2637e-78,2.7414e-75,3.8493e-33,2.5689e-20,9.5053e-15,1,1.4093e-123,2.203e-19
2.666e-69,1.1349e-149,1.8978e-10,1.9254e-11,1,1.2631e-14,3.6729e-134,1.9781e-68
4.2142e-145,5.0606e-90,7.5732e-122,7.6778e-168,6.1081e-75,1,6.3106e-08,4.5227e-45
0,6.7684e-253,2.7181e-38,4.0396e-228,1.5358e-52,0.37511,0.62489,3.5231e-180
1.349e-92,2.0481e-15,3.7548e-20,2.2552e-99,1,2.0932e-54,1.7737e-244,2.3871e-81
3.333e-95,0,7.9087e-77,1,3.0321e-72,9.6699e-110,7.6603e-69,2.3083e-206
0.6128,3.8515e-70,1.469e-33,1.5763e-26,7.6589e-70,0.0016195,3.9266e-14,0.38558
1.0722e-06,2.0645e-10,0.94991,1.6635e-109,1.9284e-81,1.0026e-101,1.2974e-81,0.050092
8.5313e-122,4.2107e-42,7.8892e-83,1,1.8558e-179,1.3556e-120,1.1351e-152,0
4.3182e-252,1.3241e-27,8.1807e-90,4.524e-45,1.6718e-11,1.2832e-06,1,5.1264e-60
1.4367e-39,1,3.0196e-42,3.6148e-82,1.3011e-108,1.6701e-69,5.4582e-47,1.5762e-80
6.0407e-128,2.3929e-122,4.3356e-96,1.0533e-68,1,6.7197e-29,1.154e-32,4.3184e-127
0,1,9.7507e-113,5.9121e-204,1.1611e-203,1.054e-101,7.184e-09,6.0681e-98
1.2601e-08,6.3454e-18,1.1591e-08,1.4376e-47,1,8.8547e-60,8.9779e-202,2.1941e-58
0.00038117,4.2246e-87,0.99962,3.1069e-37,4.1765e-14,5.3966e-145,1.7245e-12,1.8916e-122
0.0011268,7.0238e-276,5.7982e-64,1.6397e-112,0.99887,1.2996e-65,1.1713e-12,5.0692e-142
2.383e-224,1,1.8492e-20,3.1125e-32,9.3418e-35,4.0259e-45,2.5102e-147,9.2879e-31
9.6039e-05,7.5676e-15,5.4046e-140,4.6432e-05,1.5651e-84,0.99986,8.7602e-129,5.4138e-155
1.8178e-211,2.2983e-80,1,4.2599e-99,6.2717e-152,8.8725e-70,2.0066e-09,1.4529e-136
9.8042e-97,3.3e-102,1,5.7159e-13,8.7308e-47,1.0728e-64,1.937e-70,1.0808e-29
1.164e-136,6.2821e-22,4.2162e-132,1.4577e-202,2.8982e-41,7.3654e-21,1,2.9393e-197
2.501e-161,6.6358e-56,1,1.1185e-15,1.9116e-30,2.986e-108,1.4535e-54,2.0074e-10
1.4664e-29,2.1132e-143,1.1685e-210,0.57462,2.0488e-166,1.2247e-277,0.42538,1.3842e-178
6.231e-138,0.63245,0.36755,5.9256e-43,2.9553e-45,1.4148e-158,0,6.3101e-53
1.2476e-50,1,9.1215e-120,1.2647e-12,4.0819e-75,3.5942e-30,2.4707e-174,3.5957e-75
9.2658e-52,3.1094e-51,3.699e-53,5.2545e-166,1,9.2795e-182,5.5875e-122,4.0612e-28
6.6346e-50,8.9788e-130,5.8339e-112,1.6526e-93,3.9219e-67,2.9588e-12,3.277e-39,1
2.2376e-60,1.2114e-12,1.3003e-43,1.4879e-128,1,3.8872e-125,1.7019e-24,1.1455e-27
1.1328e-50,4.9801e-99,7.4353e-06,1.2425e-64,0.99999,1.53e-228,4.974e-23,5.2653e-197
9.7137e-25,1.7508e-114,0.0016202,2.5758e-124,1.67e-184,0.99838,6.044e-92,6.002e-18
9.0216e-93,4.7961e-86,0.039589,3.402e-77,5.6422e-78,0.96041,1.0706e-07,1.7992e-107
3.0522e-33,8.8778e-158,3.4291e-05,9.5609e-38,0.99997,7.4157e-240,8.2861e-130,4.0544e-127
3.8206e-61,1,1.3928e-69,1.3184e-102,1.4649e-60,1.5062e-270,2.2849e-216,4.4663e-28
4.0188e-308,2.2023e-19,1.0392e-182,1.8502e-22,1.365e-172,3.9317e-18,0,1
7.6078e-36,3.6357e-123,2.6045e-102,1,8.5227e-08,3.4062e-27,5.5961e-18,1.3425e-132
2.9581e-37,1.8087e-75,1.6649e-42,4.4673e-35,5.7122e-99,2.142e-295,0.28436,0.71564
1.3385e-24,1.1672e-121,2.0148e-94,9.7201e-155,1.4904e-112,0.99998,4.6692e-170,2.1031e-05
0.0032501,5.2052e-104,3.7224e-87,2.9513e-18,0.99675,3.527e-47,2.0684e-69,2.846e-94
6.0507e-153,8.1218e-27,4.332e-72,4.3879e-123,1.765e-61,1,8.3666e-18,2.6249e-136
1,2.0123e-49,1.2957e-08,1.9569e-97,3.1079e-157,1.3936e-69,8.3675e-46,1.7988e-114
1,2.8983e-19,1.4512e-79,7.8029e-35,2.3142e-10,2.7952e-47,6.2951e-85,0
1.8097e-65,3.7217e-56,1,4.2024e-150,2.4808e-66,3.2068e-105,3.7148e-32,4.3584e-59
0.99636,0.0036446,2.7148e-55,1.8053e-32,1.0999e-29,1.7033e-136,1.3156e-51,5.6728e-33
2.5737e-64,1.0822e-73,5.653e-43,6.961e-19,1.145e-123,2.8783e-36,1,1.8638e-39
2.6712e-98,1,1.8599e-31,7.2352e-142,6.8908e-08,3.7794e-16,1.3834e-129,5.8841e-35
1,1.32e-86,2.1791e-26,3.893e-104,2.5458e-182,5.7867e-70,9.129e-163,3.8697e-12
2.2824e-05,1.4244e-16,1.0973e-63,3.3171e-06,1.6816e-233,0.99997,2.2703e-48,4.6169e-51
0,5.5074e-66,3.7308e-103,1,6.6693e-44,4.8373e-49,7.3087e-40,6.404e-53
1.8659e-82,0,5.6242e-47,0.99989,0.00010889,1.5124e-29,6.4118e-72,2.6452e-58
2.6138e-299,3.1648e-312,0.67753,1.9653e-38,0.32247,6.9589e-42,4.886e-118,9.152e-157
4.7693e-140,7.1332e-307,4.1213e-05,7.3567e-85,1.3886e-84,1.5585e-23,2.6797e-129,0.99996
3.9791e-174,1.8103e-37,5.941e-88,6.0791e-25,1.7986e-96,1.1267e-06,1.3007e-115,1
1.1369e-128,1.5079e-15,2.767e-77,3.16e-06,1,4.8808e-58,1.0668e-80,2.0124e-128
2.1799e-67,1.2795e-46,5.828e-05,4.5676e-138,3.2953e-209,2.8409e-113,0.99994,2.9795e-14
3.2515e-19,4.5672e-89,4.5839e-99,1.518e-32,2.5456e-12,1,9.6191e-47,1.03e-28
0.99995,0,1.4921e-82,0,1.2714e-07,1.8011e-62,4.9529e-05,1.7108e-37
4.2274e-28,2.8263e-70,3.4253e-61,2.3888e-09,1,3.766e-69,2.8383e-226,5.1385e-13
1.8796e-37,4.3446e-49,6.6233e-219,8.0565e-122,5.3947e-68,2.1584e-147,1,1.7077e-73
0.29312,5.0268e-114,7.0855e-111,1.4602e-150,0.70688,3.7501e-51,6.579e-269,1.9898e-177
4.8126e-120,0.51758,2.4118e-286,0,3.1538e-32,3.5326e-59,0.48242,9.6966e-128
1.2672e-15,0,7.9687e-48,5.8078e-210,1.8475e-17,0.011487,1.2914e-43,0.98851
2.4852e-90,1.7012e-80,5.2865e-65,3.5871e-31,1,1.7214e-30,3.4496e-219,6.2321e-136
0.60141,3.326e-10,7.6318e-96,2.4147e-94,0.39859,5.3791e-23,2.627e-97,1.5956e-91
2.0604e-119,1.0489e-140,6.7848e-174,1,7.1485e-113,0,0,4.0269e-194
1.3357e-11,1.7054e-124,1.8574e-206,0.01315,1.7644e-148,0.057572,0.92928,1.6811e-81
0.99125,3.5373e-56,2.2485e-149,0.0087467,2.2071e-112,2.3673e-27,6.9224e-34,4.2669e-16
2.5311e-52,2.0138e-269,5.7206e-95,3.0617e-31,1.2876e-192,1,3.2944e-63,1.2565e-22
2.1736e-57,2.6472e-46,1,1.7524e-07,3.3317e-47,7.1363e-18,1.1628e-91,2.69e-110
4.0168e-26,2.4228e-214,8.7781e-20,1,3.7948e-28,6.7707e-44,4.3614e-18,0
1.5769e-107,2.204e-49,3.0903e-77,3.9126e-261,0.99998,1.9787e-05,2.839e-06,2.1877e-77
5.1679e-18,0.066612,4.8859e-87,0.93339,1.09e-61,1.1837e-18,2.9739e-51,6.8291e-258
0.14596,3.3573e-10,0.29915,3.4485e-183,7.0168e-67,2.6906e-111,2.0621e-32,0.55489
1.9835e-128,2.6663e-23,1.3047e-46,5.1678e-35,3.2893e-69,6.0279e-20,8.2285e-08,1
1,4.51e-63,4.2766e-84,5.134e-13,1.7833e-92,2.8102e-99,3.7703e-35,9.1913e-13
6.2852e-49,1,8.841e-43,4.9302e-17,1.8592e-44,2.2988e-29,6.2378e-106,2.2215e-85
1,4.1293e-105,9.2208e-173,5.4191e-85,2.7551e-88,1.7184e-34,1.6391e-131,7.752e-132
5.0627e-09,1.4981e-87,2.341e-107,0.99997,8.9713e-69,3.1688e-05,2.2097e-60,1.4109e-39
1.4512e-06,0.98769,9.2168e-16,6.6232e-09,0.012312,1.0456e-61,2.1525e-127,1.3326e-165
3.2348e-33,3.425e-34,1.1079e-23,1.0241e-35,1,3.9511e-83,1.4011e-23,1.2538e-64
5.7292e-232,3.121e-10,8.4027e-107,2.1158e-137,3.3844e-178,1,3.1614e-24,8.1819e-45
5.0395e-06,7.1107e-178,1.3818e-07,0.92113,6.2118e-05,0.078798,3.1697e-111,2.6198e-27
4.0469e-08,7.4449e-87,2.1038e-198,7.1392e-141,1.9407e-105,4.0652e-178,1,7.4868e-110
5.1475e-162,2.7574e-80,1.3453e-70,0.89674,3.3092e-26,0.10326,1.1845e-92,5.8e-223
7.8772e-190,5.9688e-68,3.7812e-53,1.1059e-80,2.1096e-173,2.2398e-246,4.6892e-19,1
1.6444e-62,9.5577e-16,1,1.1857e-200,1.0373e-25,3.4434e-44,9.3439e-72,6.7213e-66
9.8394e-69,2.2274e-29,1,9.9267e-58,4.1225e-07,5.7567e-62,2.588e-44,1.5802e-31
0,3.7286e-54,0.048085,1.5458e-24,3.3116e-78,0.95192,1.5569e-65,6.2801e-156
4.2612e-197,7.9519e-133,5.0636e-63,6.956e-103,5.0747e-158,2.1206e-98,1,1.7406e-44
3.8386e-30,0,3.6404e-267,4.6981e-162,1.2043e-06,3.5784e-95,1,1.7851e-53
3.8951e-65,2.4116e-18,1.136e-53,1,2.4743e-112,1.9414e-96,4.507e-110,4.0526e-28
4.0446e-26,5.0911e-63,3.7176e-83,1,3.2716e-89,1.9642e-32,2.7945e-67,9.6071e-79
1.5063e-57,0,5.4899e-06,2.7713e-83,0.99999,1.7509e-22,8.3571e-200,8.0007e-09
1.6785e-23,1.9681e-109,2.2685e-56,1.3795e-112,2.4795e-63,1,2.7832e-27,8.5916e-197
4.4489e-230,5.2527e-95,9.5141e-218,6.486e-31,4.077e-55,1,3.2277e-48,2.909e-73
0.99936,7.1741e-107,2.3198e-21,4.843e-28,6.709e-109,2.0406e-307,0.00064334,5.6307e-10
8.8463e-243,1.338e-60,2.6874e-05,2.5977e-25,7.2986e-172,1.5639e-33,1.1604e-85,0.99997
4.4824e-42,2.0961e-63,1,5.886e-144,7.5698e-63,8.6171e-134,1.2558e-12,2.3311e-44
4.6241e-51,1.4233e-93,2.3237e-152,1.6348e-86,1,1.0524e-186,8.76e-223,1.415e-103
1.9372e-38,6.8241e-34,1,3.2543e-46,4.2956e-88,1.7275e-07,2.6883e-13,3.9073e-79
3.0067e-12,5.9234e-35,0.0045085,0.99549,5.4042e-59,1.7824e-58,1.0225e-243,1.8491e-49
4.0548e-25,1.2914e-112,0.00083932,2.7738e-90,5.4786e-40,0.99916,1.0129e-24,5.8835e-226
1,5.5436e-16,3.8394e-76,1.6577e-83,1.3915e-08,6.1245e-24,5.2301e-72,9.7437e-49
1.6737e-17,5.0385e-33,1.4027e-12,5.885e-34,9.1576e-29,1.1049e-97,2.6411e-73,1
7.4959e-151,1,3.5214e-30,1.2425e-60,5.6304e-19,4.1444e-35,4.7184e-56,9.7455e-262
1,4.0067e-169,1.7997e-213,1.7252e-157,1.4828e-46,3.9949e-36,3.3995e-23,1.0874e-41
1.3589e-19,3.918e-18,3.0493e-48,5.8736e-111,1,2.3771e-156,4.3094e-28,2.3396e-242
0,3.3675e-61,4.8522e-217,1,4.4879e-77,0,3.2823e-57,1.5236e-48
8.0303e-147,1,2.1385e-06,5.7948e-31,2.2946e-18,5.836e-27,2.7168e-164,4.228e-113
6.1818e-29,0.99991,3.0883e-15,6.0495e-17,3.4869e-05,1.8014e-42,1.9885e-130,5.335e-05
1.4598e-78,1.4512e-141,3.9728e-20,2.4487e-94,1.4385e-19,1,4.9665e-28,3.67e-141
2.1054e-31,5.2735e-231,1,9.0311e-36,5.1517e-49,1.0928e-36,4.3735e-101,5.6817e-96
2.13e-22,4.9697e-243,4.1101e-137,4.2835e-30,1.5793e-70,1.6033e-59,6.6753e-25,1
5.6501e-67,0.99588,1.2885e-09,0,1.4977e-37,0.0041242,1.031e-71,4.0834e-78
2.984e-11,7.6642e-150,1.3537e-285,1,2.6137e-28,5.6418e-46,9.8819e-174,1.57e-172
4.104e-180,4.0753e-26,6.3445e-37,1,3.5866e-128,6.4038e-65,4.5022e-11,9.4279e-16
1.4578e-245,0.00011347,0.04175,0.95814,2.3566e-21,6.8081e-154,1.0156e-161,7.4351e-45
2.4407e-64,6.4571e-103,1.2773e-09,1,1.2612e-177,2.3632e-49,1.0174e-121,1.1529e-42
3.5063e-30,0.99989,5.2293e-36,0,5.0299e-151,4.9243e-12,0.00011184,1.8581e-35
1.4888e-51,2.0309e-99,1.0134e-57,1,2.6214e-64,9.3664e-77,1.8597e-144,1.9001e-08
4.2061e-34,2.1797e-65,1.2019e-185,6.4161e-23,7.0708e-215,1.2175e-05,1.778e-54,0.99999
2.87e-07,6.941e-171,0.088577,0.91142,4.5727e-40,3.203e-215,1.2595e-18,5.9504e-93
1,7.1542e-07,1.6939e-211,3.7857e-37,9.1655e-142,4.5593e-40,2.686e-168,5.9319e-178
1,5.6768e-83,2.35e-12,2.1747e-84,9.0545e-80,5.5575e-75,3.2977e-47,7.1245e-236
7.2995e-259,2.9297e-242,4.7033e-15,1.9491e-294,1.5399e-68,1,3.4513e-195,4.3392e-84
2.6278e-145,2.0871e-07,8.4811e-162,3.553e-11,3.2741e-141,1.8538e-41,9.9311e-72,1
2.1459e-238,1.305e-248,6.9475e-70,2.0666e-27,9.1985e-169,2.6791e-318,1,1.1389e-73
9.653e-181,1.8902e-150,1.6709e-51,5.7843e-46,2.5567e-209,1,6.7049e-38,2.1201e-105
1,3.1292e-69,4.3432e-65,8.5249e-99,3.5829e-13,1.1193e-121,1.9786e-06,4.0331e-170
1.5835e-158,2.023e-66,1,7.4394e-92,9.6143e-35,5.476e-10,1.6088e-124,7.0385e-43
5.6681e-166,0.13018,4.4366e-16,5.7533e-05,1.4465e-50,8.4713e-55,1.1581e-135,0.86977
9.932e-47,0,3.9237e-105,7.6443e-73,4.0802e-286,1,4.6759e-163,3.818e-47
2.8507e-22,8.1913e-16,2.901e-35,3.2145e-99,1.5804e-86,6.8318e-56,1.8066e-88,1
7.6534e-05,2.6252e-07,5.8056e-66,8.2841e-53,1.7233e-13,9.6497e-39,0.99992,3.2111e-66
2.5293e-06,4.6193e-44,1.3734e-151,2.0032e-13,3.7953e-20,3.7024e-44,1,7.3577e-34
1.1259e-10,1.1315e-43,4.2224e-110,1.0241e-69,1.7806e-35,1.3395e-27,1,3.8266e-150
9.7367e-54,3.3362e-233,7.038e-138,1,6.665e-25,1.8441e-62,4.7634e-148,1.529e-106
1.3512e-44,2.8704e-46,5.0823e-15,2.7702e-96,0.9863,0.013702,9.7689e-40,2.4498e-89
7.7766e-06,6.6183e-100,0.99999,1.3924e-211,1.2788e-83,6.5918e-37,2.1016e-170,1.8001e-91
4.273e-163,1.5706e-270,5.573e-164,1.4644e-36,1,3.1848e-262,2.939e-107,3.7651e-136
6.8199e-99,6.5769e-33,2.1587e-35,1,5.0598e-41,1.4158e-20,1.0757e-219,7.2141e-76
0.99628,1.5482e-05,6.3208e-37,2.6281e-143,2.7307e-34,0.003708,1.0929e-43,7.5781e-187
7.5746e-91,6.5611e-35,1.0875e-25,6.018e-101,2.0818e-302,1,2.8424e-20,7.4334e-137
6.3574e-85,7.5635e-149,1,1.0697e-94,8.8277e-10,3.6756e-211,3.6513e-67,2.0963e-40
3.2641e-08,1.6831e-20,3.1252e-28,1.1855e-168,0.99998,3.2996e-47,1.265e-17,2.2133e-05
1.0531e-154,0.99957,7.3638e-192,1.097e-26,3.7312e-75,5.344e-251,2.2824e-31,0.00043248
4.2731e-06,2.8863e-51,1,1.2812e-112,1.1188e-97,1.699e-256,3.0621e-55,1.0241e-65
2.5081e-12,2.3452e-214,1.8745e-149,1.4068e-29,6.1517e-05,0.00081641,0.99912,3.033e-38
2.4615e-48,1.0275e-127,1.4568e-108,0.99987,1.3204e-05,1.3055e-09,6.2e-30,0.00011393
3.5301e-82,3.9749e-143,3.0525e-31,0.011598,0.9884,1.1577e-53,3.7302e-48,0
5.3153e-175,2.0254e-06,7.8488e-111,3.892e-48,1,1.0314e-95,5.1785e-93,9.9029e-89
1,1.5963e-57,1.4387e-17,2.9167e-173,2.5299e-129,0,3.4432e-58,8.8098e-24
0,3.4497e-49,1,2.0876e-40,3.2379e-78,3.5731e-09,9.1152e-178,7.5399e-16
3.3047e-198,7.5658e-128,1.5333e-32,4.2774e-102,1,7.8395e-59,2.429e-96,2.4445e-52
4.0069e-103,0,1,0,2.8717e-75,2.5545e-246,2.8272e-129,1.001e-76
0.061264,9.0742e-21,3.9299e-05,6.4029e-56,0.0001975,0.033821,0.90468,2.7555e-18
4.6405e-05,5.5959e-198,1.4364e-223,0.99858,4.3971e-82,0.0013748,8.8618e-40,5.5338e-172
6.162e-37,2.7653e-146,3.7964e-07,0,1,6.8027e-31,1.8938e-12,2.3187e-16
0,5.7985e-60,1.009e-83,3.2463e-136,3.5001e-82,1,1.6159e-06,2.0503e-211
2.9369e-11,1.0556e-32,3.5111e-62,4.6746e-71,1.059e-92,6.1877e-11,1,9.939e-76
1.1883e-47,1,5.0769e-223,1.9676e-15,2.927e-62,9.6194e-95,1.9767e-148,4.0912e-54
2.6571e-128,4.4642e-56,1.4234e-101,0,1.1476e-24,1.2991e-09,2.0697e-48,1
8.6592e-150,0.99999,2.4634e-73,1.8559e-198,2.6159e-28,1.3381e-05,2.8941e-07,9.4174e-54
0,3.8336e-25,9.783e-09,0.0032399,1.1889e-84,7.7354e-62,1.0729e-192,0.99676
2.2222e-115,8.6853e-100,5.7281e-51,4.5482e-76,3.4657e-10,8.8463e-30,1,3.1805e-84
8.5131e-101,8.2195e-26,9.3988e-187,3.1206e-223,2.412e-18,1.884e-69,0.00050378,0.9995
2.8687e-26,0.99995,4.9866e-05,9.5439e-38,0,3.6797e-30,6.1158e-57,1.5178e-99
7.6452e-07,0.031478,6.4634e-05,1.2316e-43,0.018458,9.3417e-107,0.95,1.2355e-31
3.1264e-256,6.8126e-16,3.9712e-250,2.6221e-108,1,7.7487e-35,3.8158e-40,2.6203e-14
1,4.6392e-88,5.8973e-21,7.6192e-92,1.8334e-40,6.1529e-156,2.1352e-120,7.9097e-48
8.8766e-179,2.0179e-20,1.9481e-234,0,1.5572e-09,1,3.9669e-30,2.0481e-156
1.1855e-73,1,2.9084e-75,6.8282e-258,9.8323e-112,3.4038e-21,3.7555e-14,6.3269e-171
1.0586e-153,2.1158e-25,1.7753e-33,2.6075e-08,4.4473e-14,1.9537e-232,1,5.3514e-149
0.36843,3.3149e-90,4.6396e-92,1.1951e-122,0.63157,2.7905e-71,1.4076e-130,3.9483e-07
5.0813e-54,1.936e-62,4.2189e-21,6.7169e-83,1.9517e-27,3.4337e-06,1,3.5942e-118
1,1.142e-166,2.3642e-151,1.8564e-99,1.0275e-55,1.847e-21,1.2175e-28,1.1666e-77
2.0691e-179,3.0005e-15,2.6302e-103,7.1205e-05,8.4579e-48,1.1593e-84,0.99993,1.8751e-21
3.5202e-145,3.7789e-93,2.531e-125,1,6.171e-25,1.4957e-48,3.9235e-15,1.2086e-77
4.6309e-74,1.4843e-37,1.4168e-61,1,8.2011e-102,1.1175e-141,1.1138e-15,2.4758e-88
2.9491e-18,1.5783e-53,1,7.0527e-21,2.0497e-47,2.1839e-104,5.9694e-16,1.4469e-58
0.99961,1.5972e-21,0.00038683,7.4604e-56,7.2676e-145,0,3.8221e-62,2.3463e-15
9.4641e-254,2.1497e-63,4.9305e-141,4.0768e-54,2.2871e-124,1.0521e-29,1,5.7332e-56
5.3256e-41,0,3.0498e-41,9.292e-62,1,1.4947e-260,1.5068e-218,3.4977e-177
7.8369e-37,1.3887e-155,1.7633e-21,7.2713e-103,1,2.2724e-07,5.3902e-25,2.0833e-67
5.2145e-108,1.0804e-16,2.3129e-98,0,4.0859e-42,1.8507e-21,1,3.2078e-73
6.9655e-198,5.4368e-247,7.7004e-71,1.7359e-163,7.0998e-11,1,1.776e-189,6.0101e-36
3.0493e-17,1.4824e-12,3.8522e-175,1.8789e-20,8.7939e-14,0.94441,7.3141e-133,0.055589
3.8565e-30,1.7922e-22,6.4599e-149,0,2.0166e-54,3.4995e-62,4.8836e-121,1
1.6247e-71,3.2589e-51,1.4381e-45,1.6028e-90,1,6.3592e-20,2.6661e-172,4.0615e-39
1,4.1222e-133,2.357e-28,3.3408e-143,8.5939e-34,3.1031e-124,7.1856e-21,1.8431e-90
9.7902e-07,1.7545e-17,1.2708e-17,2.0308e-205,1.4287e-85,4.6954e-133,1.224e-123,1
5.5431e-24,1.7064e-121,0.081268,8.3238e-68,1.2204e-179,0.91873,8.4995e-49,2.2208e-11
0.99939,1.7352e-43,6.0638e-22,1.4142e-05,7.6152e-82,3.1177e-100,1.0026e-117,0.0005969
9.4485e-15,8.8656e-22,4.8891e-131,1,5.0162e-14,2.9877e-34,2.913e-21,1.9765e-78
5.3294e-77,1,1.6483e-60,3.2408e-128,4.6527e-104,2.172e-88,2.4257e-85,3.4458e-37
1,6.745e-223,6.7344e-16,8.1716e-59,2.418e-155,9.0039e-13,1.3603e-109,1.08e-84
5.9947e-13,1.9918e-31,1.4499e-36,1.3369e-19,1.4564e-82,3.2533e-97,1,1.7909e-39
8.1851e-25,5.7994e-38,1,3.3541e-101,1.6282e-74,3.7117e-56,1.1416e-186,7.4377e-35
7.2516e-05,6.2321e-125,1.4966e-51,0.99993,2.1244e-59,4.4114e-76,2.7567e-54,4.0434e-30
0.99977,2.0642e-40,9.8811e-13,2.4812e-07,0.00023257,7.9853e-42,0,5.1297e-36
1.1731e-07,1.6321e-91,3.1352e-122,2.5225e-58,9.6338e-139,1,3.1686e-148,3.2439e-06
0.99998,1.694e-29,9.8865e-44,1.3286e-30,5.6814e-92,1.1586e-49,3.6719e-138,1.8322e-05
3.937e-16,0.9999,8.9253e-83,4.3979e-26,0.00010264,8.9347e-115,8.4101e-199,3.524e-17
2.6672e-06,1.2767e-30,3.0892e-07,1,2.0301e-21,1.6571e-201,5.0773e-119,2.5269e-94
5.8303e-63,6.8441e-122,1.6292e-23,6.2448e-41,1.7918e-76,3.2498e-36,8.132e-32,1
1,2.421e-23,6.4852e-33,1.4125e-192,1.2441e-119,7.51e-12,4.0988e-85,2.3525e-25
5.9283e-10,1.102e-17,1,7.4334e-178,1.8885e-70,7.5551e-43,2.2948e-124,5.2765e-83
1.2127e-71,2.5334e-109,0,1.0239e-92,1,3.2428e-37,1.6702e-17,8.6491e-37
8.6775e-29,2.7293e-50,0.010627,1.8063e-34,3.2285e-160,0.98937,9.5804e-126,4.7611e-17
6.9305e-178,2.6389e-158,0.38436,1.6117e-75,7.563e-217,2.511e-15,0.61564,5.5401e-10
2.8694e-128,3.1952e-178,1.0515e-157,3.295e-99,1,7.2751e-33,4.0405e-170,9.8807e-148
1.8836e-52,3.7425e-28,4.947e-73,2.1046e-251,1,1.0223e-200,3.9609e-222,6.4165e-201
4.2828e-45,2.9706e-60,6.4628e-53,5.1072e-89,2.1261e-40,1,0,8.2366e-75
9.6137e-81,2.5206e-19,0.9134,3.2551e-18,0.086597,3.9782e-56,1.5716e-243,4.7344e-88
3.9025e-30,2.3379e-135,1.3197e-113,3.754e-38,1.3973e-59,6.2625e-72,0,1
1.1175e-58,1,4.3971e-43,3.2434e-29,3.9785e-129,8.3863e-255,1.9657e-57,2.3823e-31
1,3.2215e-81,1.2997e-92,9.2483e-248,1.2835e-230,1.1782e-11,1.3966e-183,2.5102e-141
7.6344e-103,2.9596e-14,9.9685e-58,0.99999,2.8191e-55,1.3112e-14,5.8935e-06,9.0103e-51
1,7.3577e-189,1.4396e-234,6.3866e-82,1.7645e-132,8.7266e-29,9.3428e-95,6.6569e-07
5.6755e-39,4.4168e-58,3.0277e-38,2.2334e-163,1,1.2402e-52,2.1518e-30,1.9835e-30
8.4019e-100,6.928e-181,2.317e-53,1,5.8811e-152,4.8691e-08,7.2218e-168,1.2282e-22
1.6953e-09,4.9174e-51,1.2913e-74,7.527e-65,8.5037e-124,8.7424e-68,1,6.2518e-40
3.896e-49,2.4878e-08,1.4766e-27,2.9361e-51,0.0022332,1.4694e-93,0.99777,1.2819e-307
1.6902e-80,1.076e-140,0.0051745,7.4601e-191,2.2527e-35,1.4596e-111,0.99483,6.7695e-237
4.4666e-129,8.6783e-102,3.915e-86,1,9.4325e-42,6.9519e-25,9.0497e-07,4.1781e-30
2.0267e-14,1,2.919e-104,1.1474e-115,1.0292e-14,9.7878e-185,3.2603e-143,6.9332e-48
6.843e-66,3.4738e-08,1,1.3662e-46,7.7176e-87,8.6796e-107,3.7373e-10,7.1894e-45
5.1511e-89,1.2672e-108,1.1528e-68,2.4517e-76,3.7614e-197,1.6768e-23,1,4.7637e-12
6.1296e-44,6.1579e-181,1.5776e-24,2.2424e-59,8.9174e-124,1,9.0578e-10,4.8232e-208
1.0139e-46,5.0852e-100,5.1299e-56,3.1149e-81,1.1621e-175,2.7373e-25,1,2.3244e-17
2.6406e-129,1.2043e-114,1,7.5035e-31,6.0834e-09,1.5564e-18,6.1641e-11,3.9823e-69
2.4089e-40,8.3624e-48,0.96105,6.2289e-36,0.037626,7.6267e-06,1.6706e-68,0.0013204
6.0414e-26,5.8895e-29,0.43813,2.8443e-71,2.7766e-115,4.9823e-20,0.56187,1.6553e-20
4.0961e-32,5.1915e-67,0.77298,1.8675e-139,0.22702,9.8095e-07,1.4055e-104,3.9824e-70
0,1.1718e-117,1,2.1163e-09,1.8357e-10,1.1006e-45,2.5883e-19,2.6015e-25
5.2785e-123,1.4003e-91,1.7022e-19,0.51292,2.6056e-54,0.48708,1.1482e-15,1.6904e-34
1.9598e-23,6.7214e-39,4.1208e-80,3.6592e-21,1.412e-26,1.7454e-278,2.0763e-91,1
5.1555e-15,9.428e-223,0,1.7703e-63,1.0391e-168,4.5078e-18,1,3.5243e-52
0,2.5142e-202,2.9801e-215,1.6321e-161,6.2997e-121,1.9614e-33,2.0782e-53,1
1.7878e-200,6.7787e-54,3.1089e-79,1,1.3708e-29,9.3249e-44,9.7514e-111,2.8056e-126
1,3.9266e-205,1.6869e-112,1.9873e-08,2.7923e-59,4.403e-27,3.6412e-215,3.1037e-27
0.99996,3.8938e-05,5.7733e-142,5.4132e-73,2.1342e-124,2.5932e-40,1.2522e-06,1.688e-15
6.9633e-41,1.2084e-271,2.6013e-22,6.8264e-95,9.9224e-69,3.4122e-19,1,1.6001e-07
1.213e-260,0.85641,8.8063e-169,0.14359,1.4229e-121,1.1334e-168,3.2935e-115,7.1985e-134
1.0086e-09,4.4733e-125,4.9687e-180,5.9985e-09,6.1964e-145,1.0334e-58,1.4332e-187,1
6.3583e-131,2.089e-47,0,3.0618e-12,1,4.2758e-168,4.5005e-190,6.7943e-36
0.6651,1.1285e-16,3.8577e-11,0,1.2142e-34,2.7979e-136,4.8498e-109,0.3349
1.0315e-41,2.9585e-189,5.9844e-215,1.2738e-07,1.1926e-134,1,9.5901e-135,2.2467e-39
5.0591e-19,0.66123,8.3516e-22,1.9529e-28,1.9763e-33,0.33877,0,9.5742e-44
1,5.4482e-10,1.2163e-37,2.5719e-61,1.2038e-07,2.3802e-53,1.5165e-89,2.3157e-07
4.1668e-75,6.7729e-194,2.8113e-114,1,8.6559e-60,1.4805e-12,6.1856e-113,2.4039e-46
7.7468e-05,5.4289e-24,2.5486e-166,0.99992,2.4961e-43,2.3576e-06,2.2994e-40,2.6595e-31
8.9585e-23,0.00072694,5.445e-27,1.6059e-54,6.462e-76,5.9462e-40,7.864e-19,0.99927
9.5455e-34,1.2388e-68,4.3057e-221,5.618e-146,1,4.8299e-77,9.9566e-153,3.0279e-24
1.3911e-249,3.7244e-150,5.9e-109,7.4283e-39,7.2597e-115,2.0428e-07,2.7245e-38,1
1.156e-55,6.2158e-85,3.3195e-100,1,2.0178e-282,2.6039e-12,1.8099e-198,7.139e-113
2.5299e-132,6.7119e-10,1.256e-34,1,1.9572e-21,2.1119e-07,1.0515e-15,3.0419e-152
8.2165e-118,7.9386e-15,1.358e-83,3.8313e-246,1.1062e-34,0.9971,2.8844e-163,0.0029043
1.5177e-16,5.6502e-58,5.8234e-115,1.066e-28,6.6798e-56,6.5695e-214,1.0324e-10,1
0,1.9857e-298,1.9255e-151,2.6541e-92,6.0448e-33,1,5.1711e-51,7.0284e-47
7.0841e-161,3.3273e-188,7.2257e-88,1,6.7452e-99,9.0786e-27,2.263e-157,9.4461e-55
5.1743e-51,8.7837e-137,1.0127e-112,1.416e-92,7.6169e-12,1,8.5398e-49,8.8817e-119
1.0757e-36,0.12849,1.7067e-12,5.5798e-50,3.4308e-13,2.1921e-119,2.3016e-176,0.87151
8.68e-218,6.3547e-18,9.0385e-118,0.91609,4.2648e-271,0.083915,5.8017e-70,3.1989e-57
1.5434e-77,2.0323e-98,2.6109e-139,3.1275e-257,2.287e-227,1.3877e-05,5.8574e-19,0.99999
7.033e-160,1.6485e-24,0.029888,1.5682e-165,0.97011,1.5225e-36,1.9305e-20,6.8434e-09
9.6099e-108,3.5713e-49,3.9068e-117,4.4769e-65,1.5538e-207,4.2972e-118,2.1563e-103,1
1.767e-28,0.5458,0.45419,4.1352e-56,1.8535e-09,1.0884e-06,3.7553e-66,3.7303e-55
4.8278e-53,0.97903,1.3039e-07,0.020971,4.3111e-63,7.7366e-30,1.3429e-42,4.1041e-41
1,2.1198e-08,4.5026e-70,3.0769e-36,1.4107e-32,4.5584e-29,2.4322e-97,1.068e-143
0.99908,1.4328e-156,5.23e-07,5.0995e-25,4.0563e-72,6.0597e-127,2.4386e-18,0.00092238
1.4583e-05,1.3403e-278,3.7739e-110,0.21068,0.78931,2.559e-28,2.5796e-107,6.4386e-78
1.5807e-43,0.85713,0.14286,8.0117e-10,1.184e-09,5.1297e-06,1.1333e-98,1.1743e-134
6.784e-42,7.7114e-31,7.1991e-19,5.3528e-67,0.99926,0.00073922,1.0437e-52,3.9718e-21
5.26e-84,1.325e-126,6.7692e-89,4.1963e-24,1.8643e-53,5.6732e-175,1,2.4332e-22
1,4.9205e-60,3.3619e-191,8.9154e-76,2.5547e-34,1.5755e-184,3.3678e-28,9.3625e-19
2.2987e-68,2.6032e-54,5.0867e-36,1,1.2249e-25,2.6139e-40,2.2866e-180,2.7858e-102
1.3944e-12,1.295e-16,6.721e-225,9.3633e-49,6.9983e-68,1,2.597e-36,1.3304e-250
0.99997,7.8358e-90,2.932e-05,1.0976e-118,1.1914e-33,1.3615e-14,7.1827e-46,2.5475e-174
4.7378e-152,4.0247e-97,7.6359e-26,6.3002e-35,1.2361e-49,3.4515e-69,1.3971e-97,1
0.73223,5.6441e-56,6.0546e-24,4.3273e-12,0.25728,0.010491,3.0458e-233,1.5659e-31
0,4.7346e-72,1.3472e-07,0.005084,0.00079067,6.916e-48,1.7316e-06,0.99412
2.0567e-248,9.4152e-74,1.024e-41,6.7074e-46,1.4379e-07,0.00072805,0.99927,2.8475e-11
1.6915e-54,1,2.8096e-197,7.136e-15,9.3352e-101,2.832e-150,4.829e-48,1.6124e-21
9.1947e-06,1.2228e-06,8.2395e-120,0.99999,1.4244e-16,3.7061e-32,2.608e-18,9.6082e-07
6.8532e-124,1,8.5098e-72,2.2449e-55,3.5945e-23,1.2379e-06,1.6138e-68,5.742e-33
8.2385e-59,9.5036e-18,1.7249e-08,2.8887e-52,3.65e-163,1,4.1363e-22,8.0579e-86
1.4835e-144,1.0157e-123,1,2.9371e-61,1.8865e-139,1.7983e-143,1.5633e-07,3.0754e-84
2.085e-116,2.6643e-27,1,5.9323e-19,9.101e-89,2.3453e-140,3.2946e-13,2.0644e-45
2.6182e-30,1.3645e-42,1,1.6403e-58,5.647e-10,2.4522e-75,3.7843e-20,3.2483e-23
8.2487e-27,0.0023302,5.2532e-48,1.9365e-182,2.8676e-24,0.99767,3.1338e-76,4.4614e-169
3.6543e-12,1,1.2788e-27,2.1657e-138,1.7658e-28,7.9147e-56,9.1082e-41,7.6881e-100
1.2715e-117,3.3742e-74,1.5242e-37,1,3.7709e-62,6.627e-68,3.7055e-52,5.4133e-123
6.1843e-211,1.9535e-216,6.8115e-27,8.1204e-16,2.784e-27,2.9171e-88,1,1.6425e-29
8.7931e-55,3.821e-82,7.1662e-38,6.0096e-203,2.9466e-260,1,1.6709e-49,2.2105e-37
0,8.9779e-92,3.8198e-283,3.1154e-23,6.4993e-34,1.9651e-33,1.6369e-18,1
0.00035264,4.8556e-63,9.545e-99,1.8398e-311,4.4456e-78,0.99964,3.0167e-06,6.4005e-54
1.9938e-49,1.4376e-12,2.9192e-240,1,2.3483e-50,7.8296e-135,1.9476e-302,6.8802e-20
1.287e-55,6.866e-06,0,6.9592e-120,3.589e-66,3.4364e-33,6.441e-75,0.99999
1,7.9109e-62,2.5296e-17,4.9974e-43,7.5466e-08,1.3533e-48,2.3017e-38,1.2547e-137
0,7.6336e-37,1.5044e-07,1.5028e-71,1,2.1202e-162,3.1676e-12,2.7463e-16
0,1.6002e-93,1.1467e-33,6.6892e-79,1.8429e-193,1,1.6847e-100,0
2.8912e-199,5.0902e-136,8.5478e-196,8.7129e-106,1,3.3012e-197,8.7024e-71,7.2097e-13
1.0024e-31,1.0285e-21,1.0707e-139,3.2537e-23,3.5237e-16,1.425e-09,1,0
3.4159e-113,6.801e-08,1.7672e-137,1,1.2383e-71,8.6077e-20,2.7777e-11,1.4475e-63
4.9976e-94,1.0645e-42,7.1349e-63,1.0298e-90,1.7575e-07,3.0883e-141,1.7399e-38,1
1,2.8749e-95,2.1175e-86,1.6438e-38,1.7718e-233,1.2446e-87,3.3623e-57,2.7315e-13
1.959e-235,0,1.407e-57,5.6951e-18,1,0,1.733e-85,1.6207e-16
5.5027e-34,0.27289,0.00025365,1.5044e-70,0.72686,7.3076e-45,1.811e-39,2.9012e-44
1.0539e-126,1.0264e-84,2.991e-95,2.5811e-117,7.6671e-69,0.049575,1.7879e-42,0.95042
1.23e-153,3.6768e-236,1,5.6937e-26,5.6769e-222,7.5425e-31,1.3998e-104,1.5905e-64
2.539e-09,1.7958e-42,0.21719,2.048e-78,0.78281,3.437e-12,8.2692e-243,1.2588e-253
5.7478e-77,1.1821e-117,1.8255e-23,5.183e-101,3.8579e-100,1,3.838e-60,1.7636e-66
3.8884e-37,1,2.8058e-207,8.1904e-62,1.3823e-138,2.3423e-17,5.444e-45,1.105e-49
3.5264e-135,1.0337e-29,1.1438e-52,1.9603e-78,1.5309e-29,2.5421e-244,1,1.059e-14
1.1194e-68,6.1648e-274,1.3634e-17,1,2.4499e-90,1.9114e-51,4.8019e-48,3.1985e-220
3.5446e-25,9.2765e-183,0.98542,0.014576,4.5513e-70,0,2.346e-134,7.7436e-115
1.2175e-29,3.2153e-20,1.1149e-11,4.3607e-07,5.829e-131,6.7223e-20,9.0342e-16,1
2.477e-78,0,2.1169e-246,6.3822e-112,1.4681e-107,3.8225e-79,1,6.3544e-39
1.1523e-149,0,2.604e-296,2.6754e-146,3.6438e-52,2.0976e-56,1,8.374e-40
1,2.0207e-45,9.955e-51,6.197e-117,8.4035e-92,5.1045e-191,3.6143e-101,3.6857e-123
5.9503e-08,1,1.0197e-07,1.2066e-209,1.053e-139,1.1288e-230,6.0571e-122,1.2057e-26
0.16644,1.1454e-70,4.9989e-75,3.1059e-115,5.2385e-231,9.1191e-82,2.7704e-23,0.83356
1.349e-14,0.71104,2.6423e-68,1.3283e-111,0.28896,6.5269e-50,4.4494e-70,1.3886e-33
2.2128e-14,3.5085e-05,2.541e-216,5.5053e-30,0.99937,2.9182e-24,6.8043e-66,0.0005933
1.5601e-66,3.2507e-08,0.99966,1.018e-37,4.0169e-21,0.00033524,5.1327e-32,6.2938e-40
2.6289e-25,0.0021753,0.99782,2.022e-42,3.8623e-08,1.6206e-26,1.5501e-64,7.6614e-40
2.7708e-201,1.0321e-77,3.0773e-36,6.3145e-08,1,2.6888e-19,3.0663e-142,4.9864e-48
1.0685e-60,1,1.8007e-63,0,2.4955e-51,1.0005e-107,1.9508e-43,7.5116e-154
2.0538e-34,3.3478e-99,1,3.2451e-155,2.9691e-214,2.8853e-182,3.9021e-16,1.7875e-239
5.1497e-192,2.3739e-31,7.2137e-261,5.2349e-13,2.0101e-179,0.51729,5.0121e-37,0.48271
1.0291e-19,1.8788e-103,2.5793e-149,1.657e-101,3.3604e-109,3.2788e-12,4.151e-185,1
3.474e-35,2.5766e-137,1,3.6681e-41,2.5742e-88,2.2478e-45,7.0033e-56,7.4965e-146
8.5258e-165,6.0457e-66,1,5.4706e-21,8.5425e-239,4.1743e-134,1.9268e-32,1.6631e-24
7.2698e-195,3.9172e-37,8.5681e-93,4.9737e-151,0,2.6455e-190,4.8526e-77,1
1.7073e-82,4.5647e-125,6.176e-14,1.527e-68,9.9387e-05,1.4028e-253,8.9692e-32,0.9999
3.1502e-171,1.7134e-18,1,2.8869e-219,5.342e-52,1.8754e-36,4.4367e-183,1.185e-153
6.3682e-12,2.6336e-46,4.7285e-95,0,1,1.2802e-168,1.392e-56,4.1162e-165
0.0094917,5.736e-246,1.5608e-37,1.1292e-58,6.8296e-05,3.6598e-75,0.54534,0.4451
2.1681e-156,3.4714e-11,5.3451e-68,5.2473e-181,1,4.0511e-54,4.2602e-49,5.2982e-61
8.884e-18,1,6.0541e-45,3.7845e-36,3.2917e-109,5.7737e-105,9.927e-166,4.2038e-68
6.6079e-108,3.421e-80,0.00017627,0.99982,4.6853e-76,7.4601e-46,0,5.2906e-47
7.0468e-12,5.7871e-94,1,1.4885e-41,9.1689e-38,5.5271e-14,2.3052e-30,9.3189e-69
2.1779e-40,1.9716e-73,0.0094991,7.0359e-77,5.0602e-06,0.9905,2.2134e-54,1.8909e-09
2.821e-40,1.8757e-140,4.1561e-21,2.8098e-210,1,3.1896e-94,3.8497e-136,5.0685e-55
8.0546e-27,1,1.1042e-124,6.4087e-13,6.4916e-153,1.741e-46,8.6099e-65,1.0732e-30
1.4657e-142,2.1383e-54,1,5.8142e-16,1.257e-51,2.1814e-27,3.6938e-154,1.002e-210
0.99996,1.527e-123,1.4219e-102,4.0396e-05,3.8687e-71,2.3428e-127,5.5056e-70,3.9012e-34
2.175e-51,3.9281e-307,9.6052e-78,1.8947e-19,0.99999,8.2613e-06,6.7069e-168,7.4785e-153
3.1007e-192,3.3239e-64,2.3915e-81,1.763e-39,3.534e-46,3.2386e-60,1,2.1319e-132
2.0789e-17,0.0041481,2.3861e-39,0.99585,5.7025e-46,3.323e-79,2.452e-43,1.9525e-35
4.2371e-49,6.904e-29,7.9564e-61,0.2758,1.2772e-39,0.7242,4.445e-10,4.9261e-32
2.4739e-20,4.1587e-119,3.7192e-95,1.5096e-40,1.3966e-29,1,1.785e-16,5.0962e-38
9.8218e-280,1.1161e-73,1.4662e-28,0.97305,0.026953,4.7793e-91,1.028e-72,6.5909e-30
1.3265e-97,5.8398e-05,1.9396e-28,2.2125e-11,2.1095e-41,1.4804e-146,3.8965e-72,0.99994
3.8024e-89,1.5486e-14,1.9224e-22,1.6493e-15,1.5647e-105,1.6418e-78,4.9978e-12,1
1,4.1253e-133,1.0113e-36,4.3705e-32,2.4466e-157,9.6299e-59,1.4373e-57,2.5867e-11
3.3812e-59,6.8575e-46,1,6.1e-121,4.9991e-07,2.332e-40,4.1452e-84,1.9103e-11
5.0621e-111,1.0415e-69,0.99998,6.1658e-188,1.7487e-46,4.4524e-155,2.1906e-05,1.2236e-36
4.5119e-13,2.5443e-177,1.1663e-39,1.9433e-108,0.99991,8.0586e-25,4.9673e-14,9.2213e-05
6.4394e-75,1,1.1101e-29,3.3392e-128,8.5388e-168,3.3267e-32,4.4825e-301,2.8304e-78
1.2237e-175,9.1793e-99,2.9078e-104,3.3432e-129,3.1892e-78,1.0397e-29,5.8614e-216,1
1,1.5788e-06,3.7107e-111,1.1632e-150,6.0695e-107,3.7238e-46,5.1264e-93,5.0977e-301
8.0034e-37,1.0217e-23,0,6.8868e-51,1.9058e-219,1,7.1505e-18,7.271e-12
5.4997e-66,0.0002899,0.99971,1.2353e-14,4.1481e-39,1.0463e-72,5.0638e-40,3.1199e-67
2.257e-151,1.5508e-32,3.2151e-39,7.1057e-09,1,1.0721e-108,1.447e-32,1.457e-15
3.9309e-48,8.5703e-21,1,3.3381e-22,2.6514e-80,2.0281e-72,6.8112e-110,4.6305e-11
0.99985,1.8625e-11,3.178e-82,5.7905e-238,1.0492e-59,2.7406e-08,1.0459e-130,0.00015468
3.7475e-09,6.4578e-38,5.6272e-32,1.0114e-21,8.3832e-167,4.762e-190,1.0993e-19,1
6.6099e-191,2.3374e-128,4.4023e-50,0.99667,0.0033299,1.6343e-11,3.7354e-218,2.0709e-243
2.1616e-171,2.571e-18,4.3738e-47,6.6645e-14,1.6806e-60,1,1.1764e-59,9.4186e-51
7.0475e-55,0,3.297e-107,1.4767e-118,9.4804e-29,5.1435e-36,1,1.8335e-06
2.789e-06,2.2506e-82,1.1724e-14,7.2401e-227,3.6376e-05,1.4398e-219,1.9298e-12,0.99996
7.7774e-263,1,1.9875e-138,6.1665e-78,1.2127e-20,8.7493e-79,1.1424e-06,4.9926e-76
1.1787e-43,1.0903e-17,2.7055e-163,1.8103e-258,1,9.3007e-251,9.4367e-36,2.823e-57
4.5608e-10,1.4384e-98,0.9989,0,3.1599e-10,5.1775e-74,0.0010995,1.6971e-145
3.5038e-15,6.9232e-28,1.0826e-29,0,5.5101e-67,1.8644e-08,1,7.2763e-307
4.9393e-92,9.2413e-39,2.3157e-106,5.3597e-84,1,1.4567e-137,1.3894e-92,6.0174e-245
0,6.6108e-47,2.8207e-35,1.7185e-34,1.734e-14,5.9382e-05,0.99994,1.409e-44
1.0955e-222,2.6481e-210,2.1243e-39,6.8083e-98,2.5003e-87,4.0776e-44,1,1.176e-49
6.8153e-80,8.6891e-70,6.9387e-70,5.4476e-137,1,4.3836e-197,1.1815e-114,1.1041e-84
2.0678e-41,1.0998e-12,2.817e-101,5.8997e-167,2.8417e-225,1,3.1687e-42,2.8949e-130
3.2773e-44,1,1.7158e-177,3.1789e-40,1.7456e-06,3.1894e-156,1.6131e-73,4.2725e-35
2.1768e-44,2.3009e-08,1.8319e-17,1.1394e-14,2.0897e-36,1,1.193e-06,6.6043e-126
8.9731e-87,4.9048e-161,1.9489e-33,0.012864,0.98714,5.445e-53,2.1557e-22,7.3484e-46
1.0162e-18,8.34e-191,1.2232e-60,1.2529e-35,4.6495e-209,4.4912e-41,5.3832e-139,1
7.6308e-19,0,1.2656e-09,1.7046e-90,2.4615e-111,1.2407e-31,2.8751e-29,1
5.8278e-08,1,1.0086e-178,3.3595e-213,8.9224e-246,7.5329e-175,1.4239e-28,0
1.3007e-21,0.0072369,1.7263e-76,7.2428e-46,7.6774e-148,4.9222e-05,0.99271,2.0736e-96
5.3764e-56,2.9315e-123,8.3445e-76,3.8095e-240,5.3014e-202,4.4338e-52,4.8187e-184,1
1.1284e-265,1.4958e-29,2.6186e-36,8.945e-14,1.4809e-40,1.2854e-219,1,3.6746e-59
3.2211e-18,0.96525,1.2502e-285,7.8884e-118,2.8451e-42,4.3035e-13,2.2126e-71,0.034749
2.0662e-49,3.1315e-303,2.5075e-32,1,2.7187e-108,8.219e-51,6.6562e-55,2.0513e-281
1.1482e-22,8.6719e-58,4.6988e-196,0.061857,2.1317e-10,0.93814,9.06e-123,5.1249e-30
1,4.5235e-109,5.7206e-46,9.1823e-41,8.6754e-79,7.5092e-85,6.4018e-87,4.5563e-105
3.2078e-20,1.4044e-09,2.569e-134,0.99852,0.001484,1.0042e-65,2.2244e-57,2.2729e-07
6.239e-10,1.0333e-24,9.3109e-24,2.2625e-163,2.6103e-32,1.3501e-32,0.97826,0.021737
4.1434e-22,9.3165e-234,3.4784e-84,2.1611e-121,7.3312e-184,0,1.0054e-101,1
1.6378e-86,7.1741e-11,4.5292e-137,1.6643e-115,3.0332e-197,2.4335e-06,1.1395e-110,1
4.9291e-21,1.0068e-200,4.8142e-120,4.3919e-11,7.1779e-16,1,7.7682e-141,6.1411e-17
1,5.6823e-46,8.9599e-14,9.2552e-20,3.0313e-55,1.3028e-151,1.319e-72,8.1512e-80
2.607e-34,3.7121e-195,1.1297e-08,9.1312e-55,1,4.7221e-30,3.2891e-140,3.0671e-129
1.9556e-64,6.61e-271,1.7818e-224,3.7148e-34,1,7.0252e-21,0,4.4116e-58
2.9118e-47,0.029315,1.1729e-112,0.97069,1.9889e-55,1.2617e-132,1.657e-27,1.2045e-89
6.0362e-69,4.1963e-117,6.8194e-24,3.3165e-82,1,2.5435e-34,1.1203e-134,3.1057e-13
9.6374e-152,2.3663e-157,5.4875e-33,1,1.1091e-165,1.9352e-39,7.2982e-214,1.0567e-151
4.941e-20,4.2544e-87,9.0124e-65,1,9.8163e-69,1.2475e-189,2.4324e-15,1.2881e-49
1,1.1625e-99,4.2248e-54,7.1202e-12,2.6671e-97,7.2091e-112,6.6921e-114,3.8281e-136
5.9596e-151,1.6494e-81,3.822e-21,6.112e-14,0.13294,0.86706,1.198e-107,3.8987e-92
7.6835e-113,7.262e-68,4.4117e-127,1.5081e-127,4.1648e-55,2.845e-34,9.9726e-49,1
1.3364e-63,5.7711e-26,5.0848e-18,3.2407e-64,1,2.4063e-41,2.4998e-179,4.4858e-39
1.5283e-133,2.9274e-118,0,3.2651e-46,5.4172e-38,1.586e-103,3.2532e-44,1
3.2174e-134,1.261e-10,2.2878e-112,3.055e-123,2.3524e-16,9.0327e-18,6.171e-48,1
2.0802e-31,1.6749e-10,1.0886e-79,1.1541e-155,7.1333e-90,1,1.3977e-124,1.1233e-97
1,1.2153e-38,5.3524e-254,6.742e-39,1.6439e-33,8.5477e-17,6.1658e-37,4.4925e-57
5.5077e-47,0.0011776,6.0499e-151,6.8096e-43,0.99882,6.8173e-14,5.475e-206,2.8623e-134
2.5335e-22,5.5495e-81,1,4.4142e-64,3.5735e-47,9.9422e-200,1.2971e-20,3.1395e-31
1.0196e-87,7.9886e-16,0.99997,1.8946e-218,4.683e-84,0,4.5568e-84,2.8844e-05
2.4147e-40,4.5017e-278,8.2865e-66,1.3533e-116,1,2.6981e-36,6.7356e-44,6.6691e-13
2.2061e-14,4.1562e-142,6.249e-59,1,1.0889e-237,1.1225e-10,9.4267e-57,3.4944e-43
1.3482e-163,1.5958e-153,9.6904e-67,9.9758e-110,3.4178e-71,3.0313e-32,1,0
1,1.0985e-06,6.8349e-104,1.8042e-41,1.5485e-70,2.7246e-148,7.9715e-76,2.788e-26
2.8549e-43,1.1732e-42,0.99987,0,0.00012737,9.8335e-15,1.2608e-25,5.1545e-107
4.5907e-05,9.1245e-69,1.6779e-209,2.1423e-86,0.99995,1.825e-115,1.3638e-32,4.8719e-155
9.4503e-283,6.6722e-57,3.2606e-194,1.4681e-08,7.6424e-52,1.0927e-146,1,1.3228e-24
1,2.7753e-143,1.5637e-117,2.4509e-200,4.8658e-53,8.4263e-37,4.3922e-43,5.0245e-28
1.3244e-75,4.6441e-227,1.6804e-159,2.4255e-132,4.2653e-09,1,6.8044e-172,1.2311e-197
0.27075,8.612e-162,1.4555e-77,3.5071e-82,2.1024e-62,2.6172e-30,2.2717e-18,0.72925
4.7196e-126,2.5699e-229,1.5412e-16,6.232e-32,4.589e-74,4.5294e-40,4.4692e-130,1
8.9691e-102,1,7.0217e-220,5.0825e-45,7.7781e-39,1.2151e-44,6.6553e-286,1.1806e-12
9.8129e-34,6.4804e-36,1.3658e-36,1.4728e-158,2.5138e-157,1,5.8019e-27,1.1461e-84
2.9056e-319,1.6806e-216,3.2891e-108,1,1.1261e-11,9.0435e-91,7.3552e-98,8.0738e-61
6.4247e-138,1.9939e-09,3.1825e-34,1,2.9659e-54,7.126e-43,1.9484e-25,8.2924e-29
2.2402e-16,1.8821e-23,6.4141e-289,5.9976e-145,3.7458e-50,1.6131e-40,1,7.8779e-170
1.3562e-171,3.3815e-74,0.00078059,2.7064e-86,0.92259,0.076633,3.3116e-115,2.0135e-44
2.1724e-42,6.7005e-10,5.3013e-46,1,9.4549e-110,2.7768e-35,0,1.2682e-36
6.9116e-43,1.1915e-41,3.3333e-82,5.0649e-107,0.00096103,0.99904,2.0809e-131,3.3726e-67
0.073785,6.4501e-14,1.0836e-67,5.6215e-105,2.6519e-25,0.92621,1.1278e-66,4.7438e-69
0,1,2.9052e-45,5.4529e-61,1.021e-116,1.3318e-144,4.602e-125,7.17e-188
2.2224e-20,2.1008e-76,2.6835e-120,3.8881e-100,3.1282e-107,3.8825e-128,9.0807e-34,1
5.1726e-198,1,1.2738e-13,6.1079e-82,2.9132e-242,7.3384e-28,8.4949e-87,5.3272e-141
7.393e-57,2.6973e-219,5.1799e-158,2.5888e-28,1.6731e-39,8.3021e-20,1,8.6127e-118
0.23533,4.3707e-18,0.76467,3.9553e-61,4.2904e-206,5.0746e-22,3.6414e-158,1.1231e-246
1.6641e-136,1.9129e-27,1.6039e-220,1.7165e-228,1,9.8004e-47,3.5458e-108,1.5041e-07
2.8854e-20,4.5494e-31,1.1191e-50,2.4195e-12,1.0657e-63,0.035431,0.96457,2.863e-16
7.6472e-33,0.086942,1.043e-30,0.91306,1.9818e-09,4.969e-55,5.2962e-149,1.5857e-124
7.4173e-63,1,8.7868e-12,1.7629e-97,2.9782e-54,1.9895e-68,3.5563e-44,3.55e-15
4.6439e-79,1.2624e-126,1,2.6791e-173,3.486e-09,7.6578e-17,3.7218e-129,8.1391e-104
0.89791,3.8288e-210,5.6584e-58,1.657e-180,1.0016e-100,5.1975e-09,1.8945e-139,0.10209
1,5.3207e-89,8.3469e-188,5.7434e-84,8.3232e-20,1.1809e-154,2.0148e-07,1.3257e-78
8.283e-24,1.4281e-36,1.4985e-36,9.9146e-60,1,4.1366e-115,4.1559e-186,1.2688e-72
3.9677e-22,6.6135e-15,2.0741e-85,0.99972,4.1627e-65,7.6272e-25,0.00027888,8.2084e-46
3.4579e-19,2.5659e-153,1.5186e-91,1,3.446e-58,1.0616e-21,2.4566e-10,3.2833e-128
2.5425e-59,2.6829e-83,0.83846,5.9844e-33,2.9779e-93,0.00011792,0.16142,1.8185e-49
1.8386e-51,1,1.0697e-119,2.7853e-43,4.3721e-112,4.4897e-30,4.8388e-108,1.4992e-89
1,5.7209e-18,4.809e-165,2.5188e-51,1.2771e-55,1.5489e-33,1.3947e-77,5.8974e-80
1,8.3759e-130,4.8089e-112,1.2977e-171,6.2858e-150,1.7913e-22,8.1289e-51,1.7035e-23
1.5928e-45,6.3169e-125,4.9009e-89,1.4244e-38,1.9429e-285,1.2453e-12,4.7546e-107,1
2.465e-140,1,6.1508e-09,1.706e-192,2.7236e-57,2.4403e-12,5.8942e-257,3.2517e-62
3.2108e-50,7.5776e-24,0.00013927,3.4027e-40,0.9997,3.8885e-41,1.5338e-26,0.00015794
0,1.2438e-21,1.7569e-16,4.0784e-24,4.5042e-55,0,1,3.0592e-34
6.7931e-111,2.5551e-121,1,7.5567e-19,2.4216e-46,3.6893e-24,0,0
2.1973e-74,4.3e-24,4.9645e-193,2.479e-20,0,6.5519e-67,3.6532e-220,1
1.6751e-63,4.9098e-75,4.4567e-31,2.3582e-15,4.9522e-137,0.98818,4.846e-212,0.011816
2.046e-18,2.3151e-69,4.6798e-66,1,6.6818e-36,8.954e-48,8.9217e-14,7.9491e-26
7.1418e-61,3.9644e-24,1.2102e-21,1,4.6151e-08,1.2628e-66,8.2919e-71,1.9986e-26
1.3351e-25,4.9212e-15,3.8271e-276,6.0189e-81,2.7199e-27,1,1.1665e-22,1.4749e-76
1,5.8631e-98,1.1443e-73,3.3121e-263,1.0559e-15,1.0908e-59,1.1231e-78,1.2423e-50
4.1065e-39,4.8367e-48,2.6465e-75,6.1615e-37,5.5743e-43,1,2.0929e-110,4.1423e-80
6.2355e-158,3.5431e-16,4.2325e-121,0.98725,0.01275,4.7741e-23,8.4968e-29,7.8491e-102
1.5856e-08,1.3505e-230,4.1919e-44,4.4564e-64,1,2.433e-66,1.543e-124,9.8154e-203
8.7413e-68,1.7488e-25,1,5.8536e-18,2.8973e-275,4.3044e-57,1.1551e-65,1.3878e-103
1.9283e-224,2.2116e-127,6.0406e-45,1,1.719e-39,3.1473e-151,3.1571e-173,1.002e-144
1,1.3454e-204,9.5466e-171,5.7597e-51,3.6392e-19,5.2167e-78,6.6031e-53,6.0697e-238
4.8495e-41,2.0497e-32,1.1955e-83,1,2.4128e-09,1.2902e-122,2.7581e-122,2.17e-11
1.4109e-27,5.8848e-31,1.5438e-39,1.386e-20,1.853e-106,1,5.0344e-111,0
8.12e-62,4.3867e-145,3.4698e-78,4.3688e-20,1.7293e-05,1.512e-66,0.99998,0
3.5692e-14,3.2564e-10,1.341e-36,6.3055e-49,1,0,2.5614e-58,6.4996e-78
1.2193e-17,0.98307,3.4135e-28,2.5346e-135,1.1319e-82,3.1256e-47,8.3937e-167,0.016932
8.0784e-194,2.3909e-99,1.4264e-60,1,1.0641e-09,3.7715e-23,6.7373e-143,0
7.462e-17,2.0473e-42,6.6447e-46,7.495e-05,0.99993,1.0956e-95,1.0665e-52,4.7088e-43
0.99997,1.7033e-27,2.9649e-05,7.2525e-64,1.1096e-82,2.0846e-139,5.3741e-11,6.402e-114
0.94176,1.9393e-07,7.3969e-09,1.9238e-64,2.0729e-140,0.058239,8.8217e-266,3.5463e-84
2.2829e-97,6.5657e-55,6.1688e-60,1,5.0136e-133,6.4078e-28,9.4121e-89,1.5451e-07
4.9451e-45,2.8126e-69,6.3793e-41,5.9041e-36,7.1468e-25,2.288e-151,3.3855e-153,1
9.1871e-184,0.12649,0.87351,2.046e-14,1.4973e-10,2.4988e-78,0,1.1247e-63
1.2951e-37,1,1.3695e-77,7.7948e-33,1.2019e-238,1.0355e-130,2.8846e-07,9.1271e-71
3.646e-45,0.99671,2.0613e-93,2.5791e-78,0.003292,3.0413e-77,4.0724e-35,7.822e-66
0.00033042,2.6618e-08,8.2823e-05,0.92664,0.036786,0.036158,2.1653e-63,3.6332e-260
0,2.4731e-82,2.2489e-143,3.0704e-73,9.9567e-55,1,2.1488e-144,6.9565e-08
4.4724e-118,3.0513e-103,0.99945,9.5145e-43,0.0005486,2.2269e-20,6.5323e-12,1.3209e-111
2.9313e-61,9.1083e-117,0.16377,3.048e-11,7.7527e-82,4.7826e-53,1.4677e-16,0.83623
1.78e-141,0,1,2.023e-35,2.6105e-120,4.4644e-26,5.1705e-279,2.0134e-21
9.0099e-06,1.5125e-60,1.0214e-111,1.3529e-57,3.2906e-88,2.9725e-86,3.5866e-198,0.99999
9.35e-198,8.2251e-55,1.094e-07,3.1005e-189,1.3918e-06,1,2.0716e-37,5.4635e-23
2.1769e-60,8.5292e-74,1.2825e-158,1.0158e-80,3.0108e-217,1,6.3629e-105,5.3627e-17
2.5413e-20,6.4184e-84,1,1.2972e-12,2.7159e-82,1.4462e-41,5.2362e-07,4.5124e-159
1.2436e-115,2.4151e-190,9.4193e-63,1.8625e-15,3.6674e-75,1,8.0549e-62,2.5816e-19
8.7743e-34,1.2698e-136,0,1.0314e-115,1,3.2318e-38,7.7306e-11,0
7.0211e-308,9.6782e-43,1.5768e-125,1,1.1859e-41,1.2022e-11,4.3439e-11,3.3571e-45
0,0,3.9121e-42,1,2.48e-16,9.9947e-84,5.5416e-51,1.0306e-21
1,6.4113e-21,6.079e-44,1.188e-27,2.0595e-285,7.1015e-34,5.9819e-102,1.8959e-53
6.0301e-45,2.3366e-43,1.0047e-177,1.0677e-25,4.0541e-27,1,1.0431e-64,4.5967e-211
1.6062e-24,1,7.0662e-63,5.149e-41,7.2464e-89,1.3622e-13,2.0809e-74,1.6797e-41
1.9563e-76,1,2.7217e-15,4.5658e-49,1.0297e-29,2.1648e-47,1.139e-76,9.0077e-85
2.7304e-186,7.3074e-60,8.1143e-37,1,6.1757e-36,1.2919e-60,2.2586e-45,1.778e-82
4.3582e-07,4.1205e-66,5.5635e-157,2.228e-05,7.4141e-80,2.2968e-28,7.2153e-149,0.99998
6.6101e-39,1.0158e-19,0.99799,7.7351e-44,1.9475e-241,2.7148e-08,0.0020097,1.321e-22
0,2.7362e-75,6.5146e-38,1,1.5338e-120,2.1654e-109,1.5398e-78,3.0023e-53
3.8484e-30,1.1106e-20,1.0701e-205,1,5.1515e-216,2.5e-51,2.4102e-292,1.8081e-15
1.3615e-09,2.2859e-73,6.8945e-22,1,5.4117e-52,4.2179e-81,0,5.507e-08
6.1707e-154,2.8295e-46,7.8324e-10,1,1.3811e-23,1.141e-13,4.3266e-61,1.0375e-96
9.4269e-06,1.8501e-05,0.99704,1.3991e-34,1.7863e-74,2.2577e-126,1.9291e-109,0.0029355
3.8779e-134,6.2149e-99,5.3399e-182,1,1.6571e-17,5.651e-269,7.4237e-112,6.2497e-66
1.1988e-34,3.8603e-72,4.7866e-19,1.3766e-24,1,2.0145e-97,4.7212e-34,2.9197e-17
2.4838e-27,1,6.4445e-65,1.3773e-209,2.9834e-87,2.4856e-14,6.5929e-60,5.8904e-179
1.0509e-07,7.5187e-40,6.3935e-32,2.0988e-59,2.0462e-177,8.0309e-242,1,3.3936e-47
8.0114e-49,1,5.1364e-63,5.7407e-68,1.5966e-119,6.1785e-72,4.0914e-10,5.3117e-243
2.2704e-80,0.99974,3.5564e-18,6.2418e-29,0.00026389,1.33e-167,1.3415e-78,1.1692e-158
0,1,3.5603e-11,8.2951e-22,3.1035e-57,2.5186e-87,1.0633e-52,1.2479e-165
1,8.8366e-164,1.7364e-146,5.8432e-100,4.499e-11,1.0404e-15,3.7323e-46,3.9944e-72
2.4855e-35,1.5859e-78,2.0005e-277,1,1.1915e-155,1.2483e-187,1.3823e-65,6.0447e-109
1.3632e-19,3.1025e-43,1.9682e-163,1.4218e-63,3.2851e-113,0.00016511,0.99983,3.8442e-08
0.00038062,8.104e-08,0.81938,0.18024,5.8667e-307,1.9456e-07,3.413e-122,1.5086e-16
0,0.99991,1.7091e-93,5.9333e-18,5.8909e-62,1.2617e-53,1.3348e-33,9.2888e-05
2.329e-34,8.1826e-132,1.6946e-16,1.2367e-42,1,3.4441e-33,1.6808e-22,6.2309e-15
1.6032e-24,2.0325e-127,1.38e-140,1.288e-188,1.3616e-66,6.2727e-46,1,7.9412e-56
1.5876e-160,5.7378e-120,0.63933,3.1458e-19,4.3689e-19,5.083e-55,1.439e-17,0.36067
9.6417e-69,1.9763e-143,3.0421e-222,1.113e-58,5.5968e-73,1.924e-09,1,1.526e-58
4.7929e-154,0.0026666,2.9861e-08,0.99733,1.4401e-61,4.0465e-107,4.8488e-191,4.0265e-189
3.4998e-41,0.15463,4.9288e-23,3.5265e-115,9.7277e-22,1.5874e-19,1.5437e-68,0.84537
6.8586e-175,9.1248e-55,1.1647e-285,6.6263e-43,0.001641,1.6514e-22,3.1732e-69,0.99836
3.5168e-14,8.7436e-70,7.658e-56,1,2.7182e-25,1.5681e-09,2.8149e-149,1.6206e-100
2.1522e-44,1,6.3937e-47,7.192e-95,1.2848e-197,2.4542e-09,9.3637e-80,1.9074e-107
1.4332e-18,4.9994e-70,8.3292e-53,5.5487e-26,1.5514e-32,1,3.3557e-82,1.2647e-207
5.8024e-21,2.1689e-130,1,9.8846e-33,1.7745e-57,3.4654e-114,6.2292e-18,1.3013e-214
1.7539e-08,3.3308e-43,7.5806e-35,1.089e-78,3.9358e-25,6.7785e-64,1,5.473e-46
2.4163e-73,1.1451e-210,1.0241e-11,1,9.0668e-46,1.7522e-91,1.4693e-86,1.6371e-16
0.99136,6.8966e-51,0.000212,2.3627e-71,2.616e-71,1.0568e-67,1.8494e-17,0.0084231
0.99994,1.8023e-54,5.7067e-54,6.1935e-05,6.1099e-100,6.6892e-19,4.0494e-54,2.0775e-51
1.9437e-205,0,1.451e-98,5.3933e-110,7.6842e-139,2.4099e-82,1,1.3379e-27
0.99998,1.3348e-234,1.2808e-144,9.9064e-135,0,2.3756e-16,1.5497e-05,5.542e-192
8.3514e-21,1.0054e-77,1.3382e-25,8.968e-39,4.8311e-20,1,3.8055e-46,5.4127e-17
1.3484e-157,1,9.2424e-46,2.0081e-28,1.5549e-172,6.8607e-103,1.6951e-90,1.7569e-31
2.7871e-60,3.6219e-263,2.3283e-13,0.77338,0.22662,2.4367e-20,9.948e-17,8.9476e-10
4.5446e-12,1.4457e-07,1,5.0262e-62,2.843e-06,8.9596e-42,1.2368e-143,8.4589e-20
1.6276e-47,1.7196e-77,1.7181e-212,2.5542e-144,1.6731e-19,1,1.0903e-47,5.5271e-42
8.1371e-05,6.2582e-94,1.3309e-93,2.5278e-61,3.1406e-40,0.99992,2.3701e-176,9.3343e-281
1.0564e-163,1.5468e-60,2.9898e-19,1.0494e-55,2.5311e-97,2.6093e-52,1,6.0637e-67
3.3844e-08,1.3676e-33,2.7166e-228,3.0717e-73,5.8545e-18,3.3593e-30,1,9.8908e-18
2.3161e-107,0,5.454e-33,2.0515e-309,4.2973e-127,1,4.5156e-116,7.4518e-144
1,8.2232e-11,4.5792e-256,5.3906e-30,2.8203e-25,0,5.2652e-63,1.3223e-305
9.3744e-127,3.4852e-73,9.9717e-86,1.4781e-79,6.5672e-92,1.0137e-12,1.5236e-29,1
1.6441e-126,4.1343e-194,1.3108e-127,1.6505e-30,7.3154e-36,1,1.9864e-38,4.686e-08
2.7436e-40,2.414e-91,1.2833e-75,6.7213e-26,1,1.3242e-28,2.6524e-46,1.3975e-148
4.5091e-175,2.3918e-11,0.9999,7.7391e-08,2.086e-192,1.1037e-39,2.9767e-30,9.8879e-05
4.6977e-28,8.8627e-233,1.2013e-07,0.99997,1.3398e-220,3.2507e-20,2.12e-94,3.4711e-05
2.8711e-257,7.1391e-68,4.4669e-92,1.0178e-156,1,9.7544e-80,1.5199e-18,7.484e-28
1,3.0189e-79,2.0265e-14,3.7759e-86,1.724e-52,2.9916e-156,8.5465e-146,1.4513e-15
1,2.4623e-92,7.7292e-32,1.0294e-12,2.6505e-54,2.6358e-96,1.5422e-112,8.9717e-267
1,1.5279e-10,1.1938e-118,2.6905e-55,2.7702e-31,5.0358e-40,1.2672e-23,7.4554e-26
9.9804e-34,5.2271e-37,6.5105e-53,3.6949e-73,5.6995e-43,1,8.6553e-73,1.1706e-146
2.781e-170,1.051e-46,2.8991e-38,2.1163e-164,1.1519e-118,7.8142e-60,1,1.9963e-51
0.79299,8.3874e-141,2.5432e-86,2.5338e-12,1.709e-37,0.20701,3.6625e-159,3.7064e-90
8.3768e-41,1.7369e-114,0,1.8162e-94,4.8557e-80,0.96739,1.9345e-109,0.032607
1.1691e-163,1.1104e-139,2.5639e-183,1.8242e-35,1,1.9283e-29,8.377e-41,1.1889e-27
2.3959e-271,3.2635e-138,1.3277e-112,1,7.3863e-09,1.2217e-77,2.3407e-104,1.207e-31
1,4.1786e-31,3.2371e-195,2.347e-08,4.1957e-70,7.9545e-95,2.5685e-92,6.9123e-108
9.1681e-24,4.9989e-62,4.3788e-58,0.20894,4.5563e-87,3.7875e-77,8.0911e-99,0.79106
1.131e-180,4.2244e-141,1.3704e-27,3.4808e-172,2.8345e-76,1.8047e-22,1,5.5889e-53
1.1074e-19,1.8637e-127,7.5763e-51,1.0849e-31,3.9309e-05,4.7623e-17,0.99996,5.9471e-41
8.0086e-82,0.057561,4.7155e-20,3.1881e-79,0.94244,1.9031e-16,2.093e-07,3.9561e-07
4.7392e-28,1.4089e-70,0.12428,8.7454e-69,5.0184e-68,0.87572,8.6555e-224,6.4143e-28
0.00036681,2.1048e-53,1.7879e-46,0.99963,2.7785e-10,2.0199e-16,1.4065e-17,2.2102e-96
1.0579e-12,9.4194e-10,1.2083e-41,3.8525e-09,1.7421e-72,4.1114e-29,1,1.2426e-37
0.0036021,1.2099e-149,3.6815e-35,1.0984e-79,3.5462e-34,0.99502,0.0013821,1.1714e-206
1.0809e-176,1.1579e-231,2.6386e-62,4.653e-265,1,1.8461e-20,7.3253e-287,1.173e-54
1,8.7801e-154,1.1842e-15,9.6391e-102,1.8738e-244,3.842e-17,1.2078e-38,6.5342e-14
2.1246e-74,2.3514e-15,1.1063e-15,2.189e-42,1.9729e-27,3.0447e-14,1,1.0967e-261
1,6.1018e-57,3.7944e-72,1.3317e-59,4.2313e-34,1.2733e-57,1.8422e-106,1.1363e-65
1,9.3442e-18,7.1425e-52,1.9967e-109,5.4356e-78,1.369e-162,3.1519e-28,4.5635e-68
1.6094e-183,0.007113,1.2451e-81,1.848e-06,1.1222e-20,8.3787e-214,7.9312e-14,0.99289
2.0422e-09,0.00029665,5.7658e-106,9.4348e-10,1.8118e-247,1.1412e-14,1.0716e-92,0.9997
1.005e-28,8.4944e-19,1.934e-27,0.99997,3.2711e-05,3.0076e-154,6.8592e-16,2.732e-87
1.5441e-112,4.3121e-73,3.4729e-108,2.9848e-89,3.8184e-149,9.3482e-19,1,2.6441e-160
8.0055e-178,1.1184e-43,3.4843e-33,1.7884e-08,7.2539e-60,5.722e-169,9.4906e-159,1
1.5057e-05,0.99998,6.3074e-95,2.3523e-44,1.8513e-81,4.9293e-71,5.5483e-21,2.3162e-53
1.7319e-18,7.9753e-18,0.87991,3.9214e-139,3.4102e-39,2.5493e-20,1.5844e-13,0.12009
1,6.7082e-90,4.1169e-118,2.0586e-229,3.7852e-35,1.5578e-22,1.0547e-46,2.1848e-124
4.2589e-23,3.1631e-314,2.3161e-30,1.8435e-98,1,1.0375e-35,1.4046e-86,4.7557e-211
1.5772e-84,4.1013e-13,2.1123e-18,8.0025e-68,1.2775e-06,1,6.9529e-42,9.354e-42
2.1099e-166,4.0407e-120,0.99087,5.4479e-268,0.0091312,2.7154e-28,4.8394e-70,1.3085e-06
2.5933e-21,9.1145e-211,2.3097e-81,8.0422e-102,1,9.0476e-110,3.363e-52,1.6586e-119
1,8.0367e-69,3.1714e-74,3.3281e-31,1.3454e-144,7.9925e-24,1.6547e-144,3.8398e-68
2.0219e-202,4.941e-192,4.0005e-137,4.8261e-56,1,7.824e-73,1.0938e-221,1.4091e-108
1.1924e-105,1.8882e-69,1.6955e-66,4.4758e-38,5.8818e-55,1,1.7451e-19,4.5029e-10
1.9107e-68,2.1028e-132,7.1921e-41,1,1.4052e-126,6.6915e-71,7.125e-20,1.0945e-16
0.0007944,1.9387e-34,2.0182e-17,0.99921,3.306e-14,1.6486e-56,1.7041e-214,4.0767e-137
1.7117e-58,1.2118e-56,2.1679e-106,5.7581e-86,6.2933e-11,1,2.7809e-128,0
4.9471e-52,1.0839e-33,1,1.3426e-122,3.9875e-50,6.2852e-47,1.7731e-26,1.5896e-90
1.0309e-63,4.7017e-37,1.2982e-05,3.8144e-59,1.9891e-78,7.6628e-33,1.046e-50,0.99999
3.313e-219,3.7027e-33,4.1368e-19,6.6054e-82,3.1897e-08,0.88267,0,0.11733
0.00060583,1.4366e-70,1.4163e-12,9.5714e-52,5.1064e-61,1.7638e-268,0.99939,5.7494e-20
1.4886e-22,8.8954e-66,2.2869e-108,0.99946,3.9906e-09,5.1622e-173,0.00054351,9.2903e-15
1.7559e-260,4.123e-43,6.4444e-176,3.404e-97,1.3081e-98,1,9.3871e-265,1.7849e-19
1.662e-27,5.5552e-277,3.1986e-85,1,1.7815e-68,2.8234e-06,2.0924e-31,3.1123e-99
1,2.2594e-24,1.1682e-34,6.6553e-274,2.9007e-161,3.3064e-149,7.6553e-25,2.1773e-09
2.0982e-39,1,3.0264e-52,2.3805e-86,0,1.4669e-33,4.3637e-84,0
9.4045e-15,3.8736e-40,1,1.4153e-33,1.7034e-101,7.1086e-113,3.2895e-46,1.8975e-91
5.4016e-96,3.0697e-109,1.089e-32,1.7678e-27,1,1.3376e-45,5.9432e-23,7.2524e-58
0.0002704,8.4886e-190,3.6763e-18,0.99973,2.2825e-59,1.8831e-21,5.7715e-60,0
1.4711e-26,1,1.9689e-115,1.026e-159,1.8795e-21,7.2327e-13,4.3077e-88,2.4141e-217
3.5238e-93,8.7682e-30,1.0606e-90,0,8.8419e-244,3.7013e-43,2.4802e-73,1
6.7952e-31,3.541e-238,2.4063e-51,3.4949e-26,1.0623e-71,2.4972e-132,1,1.9182e-94
7.1045e-62,0.99999,2.7302e-18,1.2115e-119,1.3206e-71,1.3214e-116,1.421e-05,4.2531e-35
1.3321e-105,2.5739e-25,1.6075e-222,1.1293e-109,1,3.9345e-07,5.3664e-275,2.0286e-244
1.1878e-77,6.2681e-06,1.2411e-12,2.5717e-114,0.99999,2.7953e-24,3.2034e-37,5.512e-157
3.7674e-48,3.6652e-69,2.9402e-62,2.5801e-180,1,5.6897e-117,9.0833e-08,1.3376e-74
8.9761e-20,2.9985e-117,0.99975,1.225e-21,1.1561e-83,3.1204e-23,0.00024888,1.6803e-67
2.0807e-151,6.9064e-74,1.4322e-32,8.9929e-66,7.7259e-114,1.5974e-12,1,5.533e-96
2.5707e-05,4.7045e-34,4.1644e-33,8.1259e-114,1.5116e-172,0.99997,3.717e-209,1.116e-111
3.5648e-198,2.5416e-35,1.9116e-40,1,3.1935e-30,1.9082e-212,3.075e-24,3.1765e-42
8.5318e-119,3.6131e-25,1.2879e-52,3.1977e-154,1,9.7961e-228,4.1798e-57,1.9056e-144
4.3351e-28,7.9706e-101,1.6581e-107,1,1.1826e-74,8.0386e-17,6.9418e-17,1.0498e-138
2.5174e-104,1.1506e-19,9.8448e-106,2.5145e-202,9.2036e-157,0.021507,7.7182e-54,0.97849
1.3299e-12,6.1955e-52,0,1,7.5039e-159,3.5135e-08,1.6325e-49,1.2996e-22
1,2.2019e-182,5.1006e-121,7.4666e-26,3.1662e-94,9.3247e-37,1.3075e-60,1.2667e-61
3.9315e-96,4.8294e-06,1.3881e-75,0.98553,4.951e-27,2.5795e-27,0.014469,2.2223e-15
1.8054e-54,3.4996e-36,1,7.4746e-30,1.1807e-235,1.5359e-70,2.5335e-113,2.3318e-45
4.3158e-13,1.0086e-126,4.9291e-112,0.99473,2.3491e-13,1.0934e-39,2.2329e-77,0.0052656
2.0007e-53,0.0002734,1.8713e-73,1.4267e-63,5.8646e-54,1.835e-32,0.99973,6.2277e-32
0.099283,1.187e-51,7.5412e-19,0,0.90072,3.2106e-46,2.8652e-200,1.153e-195
3.4513e-36,3.0763e-47,1.5355e-07,1,9.2239e-130,6.1097e-172,7.986e-75,7.9267e-126
2.5303e-29,9.5246e-110,1.6187e-90,1,1.3346e-122,2.0573e-71,7.4559e-22,7.5214e-19
1.3424e-72,8.4307e-142,0.99966,7.0633e-11,3.4753e-60,5.8946e-52,1.3695e-90,0.00033618
1.2515e-24,1.5053e-101,1,7.9833e-66,2.6825e-39,9.9845e-89,3.6448e-12,5.9839e-166
9.5241e-113,1,2.279e-196,9.0493e-91,7.7541e-39,3.4824e-68,2.54e-188,3.4525e-116
1.2313e-31,1,1.7628e-221,7.558e-31,3.6144e-149,7.9725e-155,3.857e-196,1.9104e-40
4.1275e-26,4.5648e-66,3.6853e-59,1.1579e-296,2.6202e-179,1.4264e-15,1,1.0095e-92
1,1.5317e-122,3.5308e-158,2.4654e-62,1.7876e-108,1.8779e-58,1.773e-90,3.6438e-15
6.572e-87,1.5235e-14,1.3299e-135,7.4056e-64,8.4744e-20,2.4882e-09,7.0661e-132,1
1.4832e-138,5.7421e-26,4.4787e-18,5.1789e-259,1,2.2058e-94,5.3642e-09,1.049e-175
1.0401e-123,1.0908e-206,2.1315e-66,0.00036257,1.4698e-112,6.6142e-283,0.99964,3.635e-164
9.7363e-09,1.3534e-107,0.99999,2.0331e-37,8.2044e-26,1.4846e-56,5.709e-119,7.4271e-06
1.5382e-92,9.7579e-99,1.2094e-15,1.2125e-50,2.077e-08,4.8145e-117,1,1.2552e-18
1.8518e-35,1.359e-12,2.2359e-64,4.5423e-55,2.268e-69,7.624e-59,1.8859e-109,1
1,2.1264e-188,5.0771e-181,4.8887e-143,4.1678e-09,6.8249e-74,3.4688e-53,7.657e-26
1.2021e-171,1,3.3085e-08,6.1705e-69,3.1885e-60,8.6471e-79,2.9214e-53,3.9428e-74
2.0159e-146,1,1.073e-110,5.5166e-190,9.9484e-15,1.9238e-183,6.3726e-210,5.4306e-105
0.00041827,2.4299e-33,1.0707e-94,0.99958,5.9722e-17,2.0212e-72,6.4573e-27,2.1108e-34
6.1179e-33,1.1074e-10,1.2645e-76,1.7178e-73,3.9802e-23,1.18e-65,2.2658e-128,1
4.6303e-16,1.4503e-36,7.1733e-63,3.3434e-89,4.476e-67,2.5397e-17,1,4.8077e-261
2.1388e-152,1,1.1954e-54,2.4196e-144,3.2192e-28,4.0562e-185,1.7521e-43,2.2991e-27
1.9269e-34,3.9123e-40,1.5844e-41,4.3804e-05,7.3205e-19,2.4545e-50,0.99996,1.2653e-47
1.5111e-168,1.3734e-59,2.6746e-83,1.3811e-25,1.1536e-38,3.9807e-30,4.0366e-33,1
7.7598e-39,3.5267e-291,1.0922e-24,7.1099e-172,3.922e-40,1,6.4007e-114,6.85e-08
2.9938e-18,2.5092e-19,1,1.4689e-124,2.5922e-19,1.0933e-26,3.603e-27,1.0375e-118
4.2213e-102,7.0852e-104,8.2548e-130,2.9967e-82,7.6839e-61,5.5828e-62,1,7.8023e-91
2.5505e-45,1,2.1265e-20,4.7473e-52,1.0972e-280,1.8766e-231,1.0982e-174,6.398e-59
2.4768e-40,3.603e-56,4.9312e-18,3.9213e-105,1.9393e-122,1,8.1478e-99,1.8607e-245
1.0892e-75,0.00016861,1.0433e-71,2.1524e-65,1.9905e-100,5.1167e-51,0.99983,2.5811e-176
1.7651e-106,1,7.135e-62,5.1443e-49,6.4216e-122,4.9628e-95,6.7039e-91,3.1488e-22
1.2606e-52,2.7151e-284,9.7454e-117,0,0.97515,1.33e-61,0.024843,4.0319e-06
0.77362,9.348e-48,0.22583,4.2687e-54,2.4608e-33,0.00055229,4.6166e-16,3.7447e-21
1.2177e-110,4.2195e-81,4.8265e-90,1,0,3.9609e-15,1.5401e-10,7.253e-132
7.8424e-49,1,2.64e-33,6.7246e-15,1.8144e-84,2.6171e-217,5.6978e-48,9.8624e-31
0.33505,1.2992e-49,7.369e-57,0.66493,1.5428e-273,4.4738e-59,7.4798e-75,1.6937e-05
6.3722e-20,2.7283e-43,0.99949,4.1608e-74,2.3008e-82,0.00050568,1.4396e-138,2.5327e-16
2.6877e-06,5.0654e-245,8.2272e-110,9.3295e-76,1,5.2977e-28,1.0585e-95,1.0233e-158
2.1046e-13,7.1895e-07,1.3993e-43,0.00047912,0,4.5477e-171,0.99952,3.4877e-20
1,1.8861e-72,2.2671e-48,0,5.2935e-30,3.2901e-97,8.2118e-08,3.8583e-148
4.6578e-09,1,1.5714e-24,3.7246e-78,3.2183e-157,1.2119e-71,1.364e-13,1.5829e-36
2.5507e-27,1.9785e-113,0.99822,6.1807e-55,2.134e-120,0.0017577,1.1132e-51,1.9629e-05
0.0085174,1.1647e-51,0.99148,1.5602e-47,4.6698e-12,2.1341e-66,6.8824e-89,9.5072e-29
3.1349e-54,4.024e-180,1,2.5879e-202,3.4213e-42,1.231e-27,3.5766e-56,4.509e-44
5.1134e-226,7.874e-26,2.6575e-69,2.567e-113,1.1085e-131,4.4392e-60,1,4.1742e-61
1,2.345e-43,3.8324e-20,1.9235e-08,2.5235e-89,9.5279e-22,4.5715e-149,3.218e-185
4.1408e-56,4.9022e-235,1.6461e-17,1,1.9028e-75,1.677e-132,1.2132e-96,2.114e-36
7.5893e-282,3.6785e-28,1.8252e-114,5.196e-62,4.6439e-88,5.1499e-23,1,1.6907e-17
1.5005e-14,1.2286e-121,1.6531e-13,2.5687e-32,1.6086e-46,2.7753e-115,0.037863,0.96214
8.3911e-63,5.2852e-118,4.9888e-111,6.2027e-167,8.8724e-88,1.7663e-22,1,9.5102e-98
1.1308e-33,2.5975e-108,1,3.7471e-176,5.7931e-117,1.4856e-228,7.8942e-16,8.3356e-44
1,1.1295e-40,1.457e-23,3.0391e-89,1.0127e-112,1.9952e-269,6.1914e-78,7.2928e-12
1,4.3094e-36,1.0334e-48,1.2823e-69,1.2972e-37,3.8517e-07,8.5747e-119,3.5732e-51
2.9304e-258,8.2305e-31,0.0006695,5.1633e-179,1.6916e-110,0.99933,2.5304e-10,2.571e-78
7.1994e-39,7.0745e-273,5.0441e-259,6.2592e-111,1,8.2041e-28,1.6383e-66,3.8965e-183
3.2943e-237,7.0983e-06,0.71335,5.669e-05,1.6519e-97,1.3537e-09,9.8609e-64,0.28659
1.0333e-19,3.5465e-26,2.2751e-43,1,1.0315e-154,1.3388e-19,0,2.6043e-41
2.2102e-20,6.3429e-131,1.6622e-18,1,2.4304e-59,2.0236e-37,5.933e-52,4.4902e-31
8.7305e-42,7.0594e-31,1,4.8693e-32,3.4353e-84,3.5853e-69,1.8034e-14,6.8703e-13
4.1468e-19,1.51e-81,2.8071e-225,1.8441e-34,8.3211e-18,4.3465e-196,1.7084e-53,1
1.5719e-53,2.463e-135,6.873e-226,1,5.2259e-31,4.936e-06,7.088e-51,2.4084e-39
4.6762e-49,2.7062e-84,2.9169e-29,2.5293e-161,1.5827e-231,1.0681e-134,1,6.75e-30
0,2.1344e-51,1.5425e-89,0,4.8933e-12,5.5554e-61,1,0
0.037724,1.4098e-06,4.0364e-43,8.1483e-48,0.96205,4.7738e-13,0.00022382,1.0089e-20
2.0851e-77,1,2.0147e-41,4.5171e-70,6.3723e-24,4.592e-127,9.6841e-60,2.4346e-25
1.0066e-45,2.1586e-104,0,9.3869e-286,0,4.9097e-46,1,4.2382e-16
0.93354,1.8104e-152,2.0804e-87,9.7161e-35,1.9994e-99,3.02e-100,2.1983e-198,0.066462
2.9573e-247,1.4724e-217,0.99857,2.0718e-20,1.5799e-124,2.4724e-25,4.9182e-11,0.0014317
1.1531e-20,2.7896e-13,0,6.2191e-284,0.54511,1.1045e-59,7.628e-298,0.45489
4.5476e-167,1.0217e-97,1,1.2217e-148,1.0747e-39,1.2058e-76,1.227e-18,4.0962e-09
2.5043e-69,1.1984e-35,2.2733e-121,7.1855e-27,3.3194e-85,2.5471e-59,3.0255e-112,1
0.1518,1.163e-33,1.8804e-145,1.4141e-09,0.84758,0.00062747,4.6956e-18,2.1494e-15
0.0013423,4.2214e-82,3.4049e-22,2.6824e-88,8.0521e-190,0.99866,1.5411e-258,2.0456e-100
1.2618e-44,4.5329e-146,5.8652e-07,1,1.0806e-75,4.5602e-114,4.4628e-171,1.7059e-86
0.27381,2.5709e-214,4.018e-47,1.8619e-18,0.72619,6.1362e-19,2.5467e-08,2.3535e-21
8.7327e-07,1.3658e-57,0.00014953,2.4296e-94,0.99985,3.1857e-57,0,2.4645e-11
3.8861e-277,1,0,9.9484e-30,6.5493e-37,5.3424e-157,1.931e-41,6.1941e-55
3.1865e-32,1.577e-41,3.1067e-61,7.9746e-176,2.537e-23,1.088e-30,3.8402e-06,1
0.37498,1.0937e-57,0.62502,2.8749e-37,1.3808e-96,1.0298e-150,3.5357e-60,1.4457e-48
2.8946e-112,0.0068263,0.99314,3.1276e-05,1.5895e-119,4.9036e-12,5.9271e-11,8.3333e-25
1.113e-86,2.5838e-152,2.3205e-32,3.9309e-18,8.2732e-06,0.99999,1.2919e-40,4.6286e-66
7.453e-49,1.5531e-39,1.1031e-19,1.7204e-39,1.8792e-42,1.0416e-72,1,6.8495e-115
0,2.7403e-107,1.6315e-266,1,1.4618e-09,2.1131e-112,4.13e-12,1.6444e-69
3.2925e-44,1,3.3529e-99,5.3182e-26,5.3297e-10,2.3004e-30,2.4291e-21,4.834e-99
9.0721e-113,0.62601,6.4105e-180,2.5039e-35,0.37399,0,1.5351e-22,1.2967e-145
8.0114e-86,7.5882e-20,8.6109e-41,1.9806e-48,1.7706e-40,1.7681e-24,2.8079e-09,1
1,1.107e-44,5.3026e-69,7.6154e-45,4.1055e-141,1.2148e-06,3.5221e-155,2.6873e-81
5.4081e-258,6.6674e-159,4.7339e-82,1,9.9739e-48,8.412e-22,0,1.8861e-25
2.3434e-32,4.0058e-36,3.5437e-147,2.8721e-13,1.6227e-79,8.0276e-102,1,3.1571e-130
1.423e-67,1,4.3635e-92,1.7006e-08,1.1975e-209,9.3938e-29,2.5293e-208,3.3866e-20
1,1.1357e-12,1.4916e-41,8.772e-08,1.7634e-142,1.0836e-205,1.0704e-307,1.7846e-98
1.8304e-61,2.2465e-49,2.308e-153,0,1.7024e-86,4.8117e-31,1,4.7201e-298
9.2151e-165,4.1818e-38,3.1827e-109,0.30857,1.3698e-99,8.3673e-115,0,0.69143
0,1.1905e-29,0,1.3463e-33,2.0969e-78,2.3297e-21,3.3485e-35,1
4.7331e-152,5.2041e-34,0.99999,1.8597e-66,4.5e-34,4.359e-90,8.3908e-06,1.0917e-197
4.8996e-81,9.7694e-07,0.99974,0.00025794,0,3.5338e-161,2.8909e-10,6.1722e-80
7.5845e-25,2.6301e-12,0,0,4.0924e-60,1,9.1764e-97,2.1333e-79
1.1496e-42,6.4148e-174,5.6638e-95,1.1382e-85,2.294e-38,1.8388e-65,1.5031e-104,1
1,2.6123e-99,2.8763e-113,5.9967e-100,1.2406e-62,1.4096e-177,3.2677e-225,7.3018e-54
7.5844e-33,3.303e-93,1.45e-17,4.3639e-22,1.0851e-78,1.5661e-102,4.9019e-36,1
4.8461e-43,0.098147,3.297e-97,1.4446e-48,0.19107,3.7468e-119,9.3806e-58,0.71078
0.0010412,1.1517e-10,3.2172e-147,8.1772e-23,2.9195e-73,1.7892e-258,7.6651e-157,0.99896
9.4691e-11,2.3286e-81,0,7.9237e-77,2.6388e-36,2.9087e-74,1.614e-74,1
4.4226e-90,0.85334,1.2077e-132,0.14666,1.1358e-14,1.9496e-10,1.4862e-73,9.4096e-136
0.036665,2.8728e-28,2.4386e-58,3.8376e-28,0,1.8386e-25,0.96333,1.8519e-80
1.0265e-176,2.1375e-317,0.9961,9.6172e-21,1.2492e-87,1.5762e-29,0.0039048,2.7492e-10
1.0055e-56,5.7023e-42,5.5111e-22,2.3233e-205,1.2135e-87,1.0845e-44,1,9.771e-280
5.2902e-106,0.020487,2.6907e-24,1.508e-29,1.0128e-54,4.1117e-41,4.7738e-19,0.97951
0,3.5891e-71,2.0297e-189,0.0005471,1.4072e-08,4.474e-09,5.5998e-28,0.99945
8.5497e-213,6.5867e-78,6.3691e-16,3.9231e-91,1.785e-40,1,0,3.009e-32
1.2856e-41,4.1241e-56,3.6554e-82,1,1.8862e-16,2.8587e-183,1.2557e-69,0
1,2.1087e-17,1.1244e-70,5.2824e-15,3.3059e-164,2.3097e-12,9.4131e-83,1.4107e-06
1.3205e-144,2.7928e-65,9.8804e-142,0.82094,1.1629e-27,0.17545,0.0036192,9.7255e-28
9.6465e-163,2.9505e-31,0.98697,2.1332e-113,7.4312e-93,0.01303,1.1358e-54,6.0586e-175
